c Random 3-SAT
c alpha=4.5, N=75, L=337, instance=2
p cnf 75 337
23 -21 -17 0
-61 -19 -58 0
-14 20 5 0
40 -39 -20 0
-29 2 56 0
48 21 -66 0
-11 40 1 0
-7 21 27 0
30 -10 8 0
-65 -70 -57 0
57 9 -15 0
39 -33 24 0
-58 -59 38 0
70 -48 23 0
-69 -36 -61 0
-2 67 -19 0
-9 -38 1 0
73 69 43 0
-67 59 -17 0
35 -75 55 0
-6 35 8 0
65 16 35 0
-45 30 -35 0
72 59 9 0
58 10 -70 0
-51 -49 18 0
62 -66 55 0
34 -22 -23 0
66 -25 -24 0
40 13 15 0
3 59 -69 0
-75 -38 -51 0
67 23 7 0
10 55 21 0
24 -20 29 0
5 -48 -3 0
1 -40 6 0
65 -20 8 0
5 -52 1 0
-23 -16 74 0
69 -58 43 0
-69 -23 54 0
31 46 -64 0
18 75 -28 0
-71 60 44 0
-38 6 -20 0
52 -64 23 0
-25 -4 -75 0
-11 18 -13 0
-7 -39 58 0
7 74 -22 0
-63 11 22 0
42 6 -71 0
41 61 10 0
-41 -18 17 0
16 20 38 0
70 -10 3 0
-10 -72 28 0
-61 -59 -27 0
3 -39 -63 0
-26 -29 18 0
-32 4 -70 0
57 75 -52 0
67 -25 53 0
-53 22 -2 0
13 21 -24 0
62 -7 -17 0
41 47 69 0
-32 6 -41 0
7 -35 -32 0
67 -47 45 0
75 -36 9 0
-60 -32 -28 0
-50 42 62 0
22 30 54 0
-33 -12 -35 0
-45 -39 75 0
29 -35 -67 0
-26 -48 -66 0
17 -23 -66 0
36 -12 31 0
7 -30 -61 0
-16 10 26 0
-26 -12 -44 0
64 1 -22 0
-1 -58 64 0
64 23 39 0
-50 -39 56 0
-21 58 -69 0
36 -71 56 0
43 -54 -26 0
-25 -39 -36 0
2 8 34 0
-32 61 -46 0
-31 -19 67 0
-62 -27 14 0
-52 -41 -7 0
-9 55 -8 0
-69 19 -70 0
-52 19 57 0
69 -12 -43 0
26 47 -62 0
-20 -55 57 0
15 -12 -57 0
68 -2 7 0
55 11 45 0
12 -14 48 0
-46 19 -9 0
-47 -59 -39 0
-70 -62 -67 0
42 -29 75 0
26 55 -36 0
40 13 -61 0
10 -72 50 0
-1 61 -50 0
-51 26 40 0
20 43 46 0
63 29 -59 0
23 34 24 0
63 -27 65 0
48 14 62 0
-27 41 -13 0
55 42 35 0
-29 -36 22 0
39 -21 33 0
42 45 23 0
67 -8 70 0
26 47 -55 0
-11 13 49 0
-23 -34 38 0
13 -10 -59 0
-38 23 -21 0
-62 12 -67 0
75 -28 66 0
59 -60 12 0
-72 -36 41 0
-14 -17 -56 0
54 57 -39 0
-25 32 -75 0
61 37 -28 0
-6 27 57 0
-42 -19 -36 0
58 -63 -12 0
1 -17 -19 0
-26 -49 4 0
-56 53 64 0
-66 -54 -75 0
15 -68 10 0
63 55 -72 0
36 4 58 0
-67 26 49 0
-34 39 -70 0
62 -54 18 0
-67 -7 16 0
23 -56 3 0
-16 -4 23 0
-28 -7 -41 0
20 66 -45 0
-44 54 13 0
3 38 -75 0
-43 -52 -71 0
-25 71 -2 0
2 -56 54 0
5 -7 71 0
-2 -57 -23 0
20 -68 52 0
-23 -40 -10 0
61 -70 50 0
36 26 -71 0
36 60 12 0
-43 -64 5 0
-26 55 -34 0
-44 -37 1 0
49 -43 -6 0
-25 -57 -21 0
56 69 53 0
5 28 11 0
31 -75 -40 0
-54 28 -14 0
57 11 -54 0
-10 -30 68 0
-74 39 -45 0
-57 -42 25 0
2 -6 -59 0
-37 6 -19 0
43 -33 -26 0
-19 68 -42 0
-73 24 -9 0
-73 -65 19 0
9 51 -36 0
2 -35 58 0
-34 -57 21 0
-74 31 33 0
-16 60 -19 0
8 -48 36 0
-3 22 -13 0
27 56 -5 0
53 -5 -3 0
52 33 29 0
8 66 23 0
48 72 42 0
-18 -28 53 0
52 50 26 0
23 30 -4 0
-39 70 16 0
3 -73 -47 0
31 -48 27 0
-65 -1 27 0
-4 -66 45 0
-20 10 71 0
49 -34 24 0
-47 73 69 0
-1 50 -45 0
-70 16 -22 0
15 2 -68 0
-12 35 58 0
4 -60 75 0
-41 -72 -46 0
52 2 -56 0
-14 -38 -72 0
72 71 3 0
-64 34 72 0
-67 -17 -63 0
-24 -1 75 0
48 71 -31 0
-36 -19 -23 0
-60 -45 -56 0
-3 -57 42 0
47 -51 -42 0
-44 -22 14 0
75 -11 30 0
-29 -50 18 0
-65 24 52 0
-67 -60 -69 0
-42 -13 63 0
-27 74 55 0
59 -3 21 0
-51 -61 68 0
-39 -19 -18 0
62 41 -14 0
38 14 28 0
75 37 -21 0
-48 17 -54 0
-70 -69 13 0
43 -33 41 0
-32 36 21 0
69 -60 67 0
-48 14 -74 0
44 -61 75 0
-15 2 44 0
-49 9 -14 0
-17 67 -21 0
-42 30 5 0
-57 33 18 0
4 -33 52 0
18 43 -49 0
25 -56 -21 0
-73 51 39 0
16 12 -5 0
-17 -60 74 0
41 -51 44 0
-8 26 22 0
-21 10 24 0
9 27 56 0
62 -57 21 0
54 -67 64 0
-30 -70 -18 0
26 -15 -42 0
41 -21 -60 0
73 51 38 0
-53 -30 27 0
67 -8 70 0
-72 12 69 0
72 19 -1 0
-40 63 68 0
67 48 -41 0
-47 59 30 0
35 27 -8 0
18 -37 21 0
66 40 7 0
-15 45 50 0
-22 -39 33 0
-24 73 30 0
9 -44 -49 0
-62 -69 -8 0
40 23 3 0
-24 -37 20 0
13 -45 -14 0
-48 -68 1 0
63 -58 75 0
-10 -20 45 0
-10 73 -70 0
70 52 67 0
-12 1 -9 0
18 35 -73 0
55 7 -37 0
-13 -74 15 0
72 45 35 0
-38 -43 74 0
52 71 64 0
-8 -5 -40 0
-53 18 -45 0
-32 24 -20 0
10 61 -21 0
35 14 -75 0
47 50 54 0
31 -46 17 0
-37 -59 51 0
-8 18 52 0
-44 53 25 0
-66 -39 25 0
-63 -43 62 0
11 -68 -25 0
-21 26 -61 0
72 -71 -61 0
-18 -70 5 0
-61 -17 34 0
-32 -69 35 0
-17 23 32 0
7 38 -47 0
64 26 -59 0
-56 -68 -3 0
-31 14 8 0
13 -61 59 0
50 -10 -61 0
31 16 -15 0
-42 72 60 0
-7 2 43 0
75 -25 39 0
68 -1 37 0
48 64 2 0
43 8 65 0
5 41 -55 0
-19 10 -68 0
5 30 -22 0
27 -10 13 0
-29 -1 -49 0

SATISFIABLE  
1024  
512