c Random 3-SAT
c alpha=3.8, N=90, L=342, instance=1584
p cnf 90 342
1 -80 22 0
-34 15 -50 0
47 -50 -54 0
-9 -84 61 0
12 27 89 0
53 20 73 0
17 1 -16 0
27 14 30 0
-38 -44 -33 0
10 36 -48 0
56 -87 14 0
17 27 55 0
-34 7 24 0
-37 43 -79 0
-73 23 -55 0
13 59 -21 0
78 30 88 0
-26 -8 90 0
38 49 -63 0
-23 13 17 0
-10 28 -20 0
3 84 -4 0
21 -66 24 0
-70 32 64 0
-87 65 13 0
11 73 -36 0
-57 -1 62 0
78 59 -6 0
-79 21 -24 0
-44 34 2 0
39 -85 71 0
-83 -74 -47 0
-64 -32 50 0
32 -37 83 0
-11 74 -13 0
55 27 80 0
40 61 45 0
17 -30 8 0
-87 31 64 0
50 -49 44 0
8 50 -12 0
-62 66 36 0
13 -12 82 0
-12 -7 48 0
-72 -53 86 0
79 32 -36 0
-9 41 -40 0
-22 -25 71 0
-5 44 53 0
-35 56 86 0
-81 83 -8 0
78 65 -88 0
67 77 -4 0
34 25 -64 0
28 -52 -12 0
64 -30 -38 0
-32 -11 -83 0
-81 59 -23 0
-54 -25 -85 0
-51 -88 -19 0
-15 83 85 0
-26 54 37 0
75 -82 23 0
85 81 51 0
-83 -24 30 0
-34 -84 -89 0
-40 23 57 0
44 -8 -36 0
77 4 42 0
23 55 -26 0
-78 -38 85 0
-87 36 -83 0
50 -9 -6 0
-39 4 -65 0
-69 20 44 0
-29 17 88 0
14 5 -36 0
63 65 23 0
60 76 63 0
-57 -76 44 0
10 69 -44 0
87 -23 69 0
11 9 52 0
-86 -30 -54 0
-52 12 60 0
83 -72 53 0
10 -85 70 0
13 24 -70 0
69 -20 27 0
-18 -58 -26 0
73 -20 7 0
-84 -45 -78 0
-69 -32 78 0
8 -41 65 0
24 85 -84 0
-84 -11 52 0
52 -71 -75 0
82 -83 33 0
61 -30 9 0
-10 50 83 0
-17 32 28 0
80 19 18 0
-24 -77 50 0
87 54 -59 0
2 -73 47 0
-53 -22 -86 0
1 -16 81 0
-32 87 58 0
64 -60 -32 0
-20 28 88 0
-74 -32 25 0
-88 -30 -4 0
-62 -10 -37 0
20 34 85 0
-24 55 89 0
-39 -57 84 0
-18 74 -65 0
22 -36 -66 0
62 -44 -66 0
-64 87 -80 0
39 -74 -32 0
52 -68 -22 0
-2 -50 34 0
-68 80 -79 0
-41 -40 22 0
-9 -55 26 0
58 -80 20 0
42 5 12 0
-71 -48 -72 0
-72 -26 84 0
84 68 -56 0
-18 -30 66 0
-45 19 -71 0
-82 79 -70 0
-79 85 73 0
11 12 -42 0
32 4 -34 0
-5 -7 32 0
-57 6 -76 0
51 44 39 0
-53 64 7 0
60 2 88 0
-14 26 -25 0
-8 -87 -40 0
-77 -7 36 0
-36 29 -14 0
45 40 -67 0
41 -34 -72 0
-52 28 -76 0
18 -78 2 0
45 -23 -19 0
81 16 -63 0
53 50 -8 0
29 -7 -20 0
-68 -35 -33 0
20 22 -28 0
17 47 24 0
-20 88 25 0
-79 39 -25 0
34 60 -19 0
-1 17 -18 0
-1 -22 -20 0
90 -36 -24 0
15 -23 -45 0
76 60 -52 0
9 -80 -23 0
-14 42 38 0
-60 -77 -27 0
16 61 -58 0
59 6 -32 0
34 29 77 0
87 -85 -58 0
65 -68 36 0
-40 -48 -43 0
25 -28 81 0
-87 43 33 0
15 68 -28 0
-47 -27 -37 0
-53 -45 27 0
40 1 88 0
10 -90 29 0
-75 -1 -49 0
-67 -89 79 0
-5 74 -20 0
-8 6 54 0
-26 -6 -1 0
-90 13 -47 0
80 46 31 0
80 2 -85 0
66 -5 -19 0
40 -84 12 0
-51 18 61 0
-81 -25 -73 0
79 -24 15 0
-44 61 58 0
79 -33 -80 0
-13 -62 50 0
-45 51 -10 0
37 -10 89 0
-89 84 -26 0
75 30 26 0
1 -56 39 0
-65 -89 -31 0
28 -38 49 0
-80 83 -1 0
38 14 -10 0
-77 -40 75 0
-45 -33 53 0
74 88 24 0
47 -28 34 0
-52 20 89 0
-3 7 -36 0
-88 -82 89 0
-82 7 74 0
58 49 44 0
-65 25 -13 0
81 46 45 0
-21 12 17 0
3 67 23 0
-1 22 33 0
-48 -40 28 0
-76 -86 -9 0
-55 -63 -83 0
44 -23 89 0
-59 -17 -18 0
-11 -84 -33 0
16 34 5 0
45 9 70 0
-54 -38 -52 0
52 60 64 0
83 -27 7 0
-38 61 27 0
-31 -21 74 0
-24 84 26 0
-76 -20 1 0
53 -17 -16 0
43 21 -82 0
88 -70 52 0
88 -54 -19 0
-40 -20 -44 0
48 -77 -80 0
88 45 5 0
-61 85 -28 0
-12 -9 -18 0
65 -41 72 0
-44 78 -36 0
28 74 -84 0
-40 3 23 0
41 -31 87 0
-66 -8 -38 0
78 -84 -51 0
78 -36 -29 0
-2 67 53 0
88 76 9 0
36 7 -14 0
-28 -68 -32 0
-55 14 19 0
-78 -44 -55 0
84 -23 27 0
-19 1 -6 0
20 -80 -77 0
-18 10 -31 0
18 -42 50 0
-32 -45 33 0
-62 7 6 0
-2 -52 -77 0
-75 -43 -81 0
34 2 63 0
53 16 31 0
37 57 32 0
-57 63 87 0
6 56 -14 0
42 -88 70 0
-68 -40 21 0
79 1 -53 0
-33 41 -44 0
-29 -18 83 0
-1 21 -46 0
-33 -13 41 0
-77 48 25 0
80 -5 58 0
-57 41 44 0
26 -14 20 0
-77 -1 74 0
-81 -61 84 0
-80 -1 67 0
-19 -8 73 0
18 -33 20 0
60 26 -86 0
-41 71 61 0
64 60 -47 0
-6 82 79 0
32 -86 -16 0
72 -64 74 0
-24 5 66 0
-60 20 -27 0
-10 33 27 0
-87 -37 3 0
-33 83 80 0
-24 19 20 0
-70 -4 -34 0
-50 39 -40 0
-47 -67 18 0
-12 14 -53 0
86 38 8 0
-6 82 -31 0
15 71 -56 0
-44 64 -87 0
9 -57 89 0
-3 16 45 0
6 -4 88 0
34 8 32 0
13 50 -43 0
82 -9 -73 0
-20 -83 57 0
1 -30 69 0
8 -23 65 0
-44 75 56 0
52 -86 80 0
84 -17 -81 0
34 -75 36 0
-80 8 -25 0
-21 -23 32 0
88 11 34 0
-16 7 50 0
57 22 -9 0
-31 -88 -69 0
-30 -49 2 0
-45 6 -66 0
-5 -77 -42 0
-59 72 86 0
78 12 -29 0
-3 42 90 0
63 -85 78 0
-69 33 -87 0
-86 76 -63 0
-64 -68 -67 0
-34 -49 -66 0
-83 -67 26 0
12 77 67 0
-60 89 -40 0
72 43 9 0

c GPT solve time: 3.97 seconds

SATISFIABLE  
Number of branches: 1  
Number of conflicts: 0  
Literal values:  
x1 = False  
x2 = False  
x3 = False  
x4 = False  
x5 = False  
x6 = False  
x7 = False  
x8 = False  
x9 = False  
x10 = False  
x11 = False  
x12 = False  
x13 = False  
x14 = False  
x15 = False  
x16 = False  
x17 = False  
x18 = False  
x19 = False  
x20 = False  
x21 = False  
x22 = False  
x23 = False  
x24 = False  
x25 = False  
x26 = False  
x27 = False  
x28 = False  
x29 = False  
x30 = False  
x31 = False  
x32 = False  
x33 = False  
x34 = False  
x36 = False  
x37 = False  
x38 = False  
x39 = False  
x40 = False  
x41 = False  
x42 = False  
x43 = False  
x44 = False  
x45 = False  
x47 = False  
x48 = False  
x49 = False  
x50 = False  
x51 = False  
x52 = False  
x53 = False  
x54 = False  
x55 = False  
x56 = False  
x57 = False  
x58 = False  
x59 = False  
x60 = False  
x61 = False  
x62 = False  
x63 = False  
x64 = False  
x65 = False  
x66 = False  
x67 = False  
x68 = False  
x69 = False  
x70 = False  
x71 = False  
x72 = False  
x73 = False  
x74 = False  
x75 = False  
x76 = False  
x77 = False  
x78 = False  
x79 = False  
x80 = False  
x81 = False  
x82 = False  
x83 = False  
x84 = False  
x85 = False  
x86 = False  
x87 = False  
x88 = False  
x89 = False  
x90 = False