c Random 3-SAT
c alpha=3.9, N=140, L=546, instance=7035
p cnf 140 546
-59 112 -113 0
101 71 27 0
17 -117 -92 0
121 -106 -4 0
-68 46 25 0
-1 -71 -66 0
-71 -31 122 0
-127 110 131 0
-15 -45 -79 0
17 83 124 0
-20 -2 15 0
-93 117 28 0
-10 126 -27 0
-99 -137 -60 0
-16 9 84 0
138 -2 103 0
51 46 -56 0
-106 127 103 0
31 8 7 0
72 -13 111 0
92 37 -53 0
72 -134 112 0
136 -125 108 0
52 76 -7 0
19 2 15 0
-77 -134 -136 0
-104 -84 27 0
-57 -9 18 0
-86 132 -49 0
15 -23 -96 0
-83 -23 75 0
-14 10 66 0
53 3 11 0
-114 -24 108 0
-105 -52 -35 0
-87 137 -70 0
-43 -3 9 0
80 -109 98 0
102 -9 42 0
95 43 126 0
-43 77 67 0
8 91 82 0
-99 65 46 0
103 -32 72 0
-31 124 19 0
-125 11 -114 0
-28 3 -59 0
13 43 53 0
-96 86 -76 0
25 -75 -5 0
-96 8 -75 0
11 39 -92 0
-12 104 -123 0
71 46 25 0
-122 85 -128 0
-31 76 45 0
-109 81 92 0
-84 -28 -2 0
-87 -16 103 0
-85 -41 -77 0
-16 17 -118 0
112 -20 -1 0
-120 -21 -95 0
103 -1 -72 0
23 -137 138 0
25 -22 61 0
133 -116 82 0
97 -48 132 0
8 -61 -20 0
114 -68 -102 0
-24 -64 18 0
14 74 94 0
-54 -58 118 0
-110 12 -27 0
-114 72 21 0
-60 106 78 0
80 -68 99 0
58 135 13 0
-130 -64 97 0
69 2 9 0
-57 28 -37 0
-26 48 64 0
-73 89 3 0
47 -7 -39 0
92 36 27 0
43 -121 -128 0
40 132 113 0
-10 113 14 0
-135 -101 -39 0
-43 39 62 0
106 -27 -83 0
87 74 -127 0
-105 135 -92 0
70 -29 6 0
136 120 22 0
123 -105 -44 0
38 -10 28 0
73 -102 -108 0
45 122 54 0
12 -30 -112 0
-17 -140 -81 0
-45 -62 -79 0
125 84 24 0
68 69 -10 0
-138 -15 57 0
-136 61 75 0
-42 53 75 0
71 137 129 0
-62 127 -28 0
40 10 100 0
126 59 85 0
36 -33 75 0
44 -4 -7 0
-109 -121 -134 0
-60 81 23 0
64 -122 -102 0
64 74 54 0
1 75 135 0
45 100 10 0
5 -91 -115 0
11 101 46 0
120 -64 -14 0
61 111 129 0
67 -118 -44 0
-56 67 137 0
-26 104 -87 0
-26 -74 -12 0
139 -41 -57 0
-26 24 82 0
-93 60 -78 0
7 -87 12 0
-8 -128 -69 0
-10 92 75 0
87 -46 -14 0
118 -109 127 0
3 -58 63 0
118 67 115 0
-39 24 -115 0
33 32 125 0
10 45 61 0
-61 -94 -11 0
47 -72 99 0
120 6 -140 0
28 77 -115 0
-84 -66 -73 0
139 140 135 0
112 7 -130 0
-98 9 64 0
-127 -135 -55 0
108 -9 -85 0
110 49 -47 0
-10 -24 -68 0
-115 105 -10 0
-107 -118 -109 0
-21 64 -71 0
-53 -58 118 0
61 -90 -17 0
-30 98 -42 0
60 31 -65 0
93 105 -118 0
87 120 -70 0
110 -140 56 0
-28 90 -116 0
37 -68 29 0
-111 21 8 0
137 139 131 0
78 116 31 0
-115 77 124 0
-72 -31 102 0
-31 -32 115 0
-49 70 48 0
-88 30 38 0
5 103 -82 0
33 -68 -59 0
-110 -8 93 0
-100 -43 -60 0
21 36 -133 0
60 13 54 0
24 -42 -94 0
111 16 25 0
-131 39 -62 0
12 84 78 0
107 -4 -16 0
60 -73 64 0
-119 -53 70 0
-87 -4 -66 0
-120 58 -35 0
87 -8 32 0
65 -45 -39 0
-88 -3 -34 0
-8 136 -119 0
83 -32 57 0
30 114 -95 0
-23 -30 -75 0
-10 -53 -102 0
-6 -58 -53 0
-68 -138 124 0
135 52 68 0
-25 -77 -103 0
-76 85 -103 0
-75 106 30 0
103 -53 63 0
-29 -91 -121 0
-20 28 -83 0
-105 131 -111 0
118 -40 3 0
103 29 -30 0
-75 -125 -111 0
53 44 122 0
-78 -97 109 0
-91 37 -102 0
-133 -61 43 0
-13 -7 36 0
-29 -26 93 0
27 -92 47 0
120 -44 88 0
58 -122 105 0
110 -65 -95 0
26 -107 42 0
140 92 31 0
3 -59 24 0
-16 122 -1 0
4 114 -72 0
-27 -20 65 0
-112 110 -136 0
-26 -118 116 0
-71 35 76 0
-87 -32 -98 0
11 -84 70 0
-85 -80 115 0
76 125 -95 0
-8 -138 119 0
41 -139 79 0
-20 -88 -53 0
52 -91 133 0
40 96 28 0
-10 125 -109 0
114 4 -3 0
-105 50 -52 0
29 26 -14 0
-23 29 -45 0
30 -134 -16 0
52 -29 47 0
127 -12 -60 0
-8 131 -18 0
135 -60 -51 0
131 8 -64 0
-126 90 -82 0
-77 67 -30 0
-108 -85 -79 0
70 34 103 0
45 125 127 0
-112 -113 -4 0
100 -35 39 0
-78 -103 -7 0
127 -30 122 0
-107 64 43 0
-25 -111 -137 0
-116 20 -25 0
-109 -103 72 0
-44 103 80 0
69 54 -131 0
-113 140 32 0
32 82 -104 0
92 -43 -9 0
-85 -95 -66 0
70 117 81 0
-40 -31 -105 0
-39 54 74 0
-17 116 55 0
64 16 39 0
116 112 87 0
126 -114 118 0
-51 128 -14 0
91 113 -128 0
-82 23 -62 0
-60 -86 -80 0
-79 -125 -121 0
82 109 -72 0
127 -21 8 0
-105 95 -61 0
16 -22 -125 0
-52 111 21 0
-102 -85 17 0
-54 -77 -112 0
-115 26 18 0
130 -21 108 0
-120 -1 74 0
125 -23 99 0
-81 -91 -52 0
135 80 -112 0
-49 -23 -20 0
-104 -74 36 0
-101 15 107 0
90 -52 -118 0
120 -103 65 0
-132 -78 33 0
46 82 -12 0
-63 44 109 0
-26 108 -88 0
65 -84 126 0
83 63 -59 0
-55 40 -94 0
88 140 26 0
88 91 -30 0
-133 -93 100 0
79 86 -58 0
-28 38 -25 0
88 67 84 0
-13 -102 101 0
74 -140 -135 0
-90 -61 -132 0
58 10 -73 0
63 18 106 0
58 97 -13 0
13 117 -21 0
-67 91 2 0
83 64 -76 0
-75 -80 60 0
-31 -87 3 0
-130 48 6 0
-85 -60 45 0
70 106 69 0
-130 -20 -10 0
-111 -65 -131 0
93 -75 108 0
-36 110 84 0
92 107 -93 0
-54 50 139 0
-122 75 134 0
120 -71 -6 0
119 -94 -26 0
17 58 27 0
-1 110 58 0
-129 98 120 0
-12 98 -68 0
109 31 49 0
-48 57 140 0
-126 -66 -129 0
-93 54 88 0
43 -28 -86 0
-22 -6 131 0
-118 -30 -131 0
90 86 30 0
-87 53 -24 0
-62 -123 -75 0
-138 -85 -111 0
69 31 -56 0
54 128 -63 0
35 91 1 0
101 -96 140 0
136 33 97 0
98 74 -44 0
-121 -97 108 0
-103 79 34 0
29 -133 108 0
63 -19 45 0
-138 -32 -76 0
37 24 -98 0
58 68 -82 0
31 -47 13 0
-15 88 -45 0
-135 34 47 0
-41 128 -127 0
117 -97 -122 0
-106 -92 107 0
-69 6 -114 0
-11 69 1 0
-23 116 120 0
-129 112 34 0
-23 -138 -108 0
29 137 71 0
-7 30 -3 0
-47 130 135 0
-15 -13 -62 0
-62 4 73 0
14 -123 87 0
-105 -69 93 0
-99 -15 -3 0
33 11 81 0
115 -85 87 0
62 89 -41 0
101 -29 130 0
133 -29 135 0
-78 -99 -40 0
-43 132 99 0
-48 -44 -68 0
-39 51 -26 0
-62 -128 46 0
-2 8 -27 0
-23 -25 122 0
-9 133 -72 0
-15 116 23 0
26 104 -94 0
5 -95 -81 0
55 -30 139 0
121 -76 83 0
79 8 138 0
-122 -58 -111 0
-128 -125 86 0
22 -37 85 0
111 -132 19 0
-133 -127 -134 0
29 -117 -89 0
-6 30 -45 0
72 110 -87 0
-95 -135 -63 0
61 -45 -91 0
129 -125 -14 0
59 -87 -135 0
-39 117 -31 0
62 -24 -79 0
62 -50 -92 0
38 1 -91 0
47 -99 48 0
107 -91 -80 0
-140 -3 130 0
-17 15 -31 0
-107 15 -70 0
3 -126 -112 0
-4 67 -12 0
-55 -30 81 0
-91 -87 6 0
74 64 -61 0
108 -2 -112 0
-50 -29 -34 0
69 46 39 0
-34 38 -6 0
-81 -34 -22 0
-91 -22 -81 0
-85 6 -73 0
128 55 58 0
13 -100 -117 0
-42 -117 76 0
88 78 -30 0
16 -59 113 0
-133 87 74 0
1 -85 -117 0
-79 -63 -36 0
133 63 65 0
-45 114 20 0
-41 -47 113 0
113 97 -84 0
99 -12 4 0
-76 -131 -78 0
-34 7 136 0
-83 -84 -106 0
-2 -44 -115 0
-106 63 51 0
28 62 -27 0
47 -26 -6 0
33 -134 35 0
-75 -115 33 0
-83 -48 -11 0
18 113 -9 0
135 -7 -88 0
-14 85 10 0
-93 25 -12 0
62 55 -68 0
95 81 -59 0
75 45 107 0
-102 -120 -36 0
-56 -51 75 0
-58 56 52 0
-58 81 -16 0
-137 138 -116 0
-88 111 -135 0
-107 123 -51 0
-88 -74 112 0
97 -127 -128 0
29 -99 12 0
-55 118 135 0
-64 -55 -33 0
102 6 -131 0
62 -137 2 0
29 -51 -111 0
-19 -93 12 0
-34 -37 134 0
19 -8 -93 0
94 136 112 0
-11 40 68 0
10 121 -36 0
-105 101 -60 0
-107 6 -86 0
63 62 -103 0
-24 -58 16 0
-24 69 130 0
-89 -23 78 0
-118 113 -12 0
5 39 48 0
81 -48 12 0
-103 -57 -48 0
-2 -96 78 0
118 110 81 0
106 140 92 0
-13 -114 118 0
137 -75 -74 0
-38 -127 109 0
-62 -56 27 0
-24 -82 -46 0
-101 -123 -78 0
17 116 -66 0
95 -116 -70 0
101 -49 -115 0
64 -80 40 0
-74 32 22 0
-133 -78 -85 0
83 -16 -10 0
-47 55 -140 0
53 -69 94 0
75 -42 -7 0
29 8 63 0
-67 50 37 0
80 72 -128 0
42 -10 31 0
84 -55 85 0
-124 -108 32 0
95 -110 -93 0
-108 -38 -113 0
89 52 33 0
32 -122 91 0
-73 -69 -13 0
60 -30 54 0
56 53 54 0
-134 2 49 0
109 123 22 0
128 85 -21 0
88 45 97 0
12 46 104 0
-102 -47 68 0
89 -93 124 0
38 -9 -92 0
127 -110 88 0
-21 33 -122 0
-112 10 -64 0
-134 -87 64 0
20 -95 -8 0
-75 -7 47 0
98 -36 41 0
14 85 122 0
83 -30 93 0
33 101 50 0
129 -25 110 0
-23 27 113 0
-93 -118 40 0
-32 106 47 0

c GPT solve time: 22.03 seconds

SATISFIABLE  
Number of branches: 0  
Number of conflicts: 0  
x1 = True  
x2 = True  
x3 = True  
x4 = True  
x5 = True  
x6 = True  
x7 = True  
x8 = True  
x9 = True  
x10 = True  
x11 = True  
x12 = True  
x13 = True  
x14 = True  
x15 = True  
x16 = True  
x17 = True  
x18 = True  
x19 = True  
x20 = True  
x21 = True  
x22 = True  
x23 = True  
x24 = True  
x25 = True  
x26 = True  
x27 = True  
x28 = True  
x29 = True  
x30 = True  
x31 = True  
x32 = True  
x33 = True  
x34 = True  
x35 = True  
x36 = True  
x37 = True  
x38 = True  
x39 = True  
x40 = True  
x41 = True  
x42 = True  
x43 = True  
x44 = True  
x45 = True  
x46 = True  
x47 = True  
x48 = True  
x49 = True  
x50 = True  
x51 = True  
x52 = True  
x53 = True  
x54 = True  
x55 = True  
x56 = True  
x57 = True  
x58 = True  
x59 = True  
x60 = True  
x61 = True  
x62 = True  
x63 = True  
x64 = True  
x65 = True  
x66 = True  
x67 = True  
x68 = True  
x69 = True  
x70 = True  
x71 = True  
x72 = True  
x73 = True  
x74 = True  
x75 = True  
x76 = True  
x77 = True  
x78 = True  
x79 = True  
x80 = True  
x81 = True  
x82 = True  
x83 = True  
x84 = True  
x85 = True  
x86 = True  
x87 = True  
x88 = True  
x89 = True  
x90 = True  
x91 = True  
x92 = True  
x93 = True  
x94 = True  
x95 = True  
x96 = True  
x97 = True  
x98 = True  
x99 = True  
x100 = True  
x101 = True  
x102 = True  
x103 = True  
x104 = True  
x105 = True  
x106 = True  
x107 = True  
x108 = True  
x109 = True  
x110 = True  
x111 = True  
x112 = True  
x113 = True  
x114 = True  
x115 = True  
x116 = True  
x117 = True  
x118 = True  
x119 = True  
x120 = True  
x121 = True  
x122 = True  
x123 = True  
x124 = True  
x125 = True  
x126 = True  
x127 = True  
x128 = True  
x129 = True  
x130 = True  
x131 = True  
x132 = True  
x133 = True  
x134 = True  
x135 = True  
x136 = True  
x137 = True  
x138 = True  
x139 = True  
x140 = True