c Random 3-SAT
c alpha=3.8, N=90, L=342, instance=2423
p cnf 90 342
23 -77 -22 0
-29 -72 -61 0
-55 -89 78 0
-70 -78 -6 0
-17 22 -14 0
-17 52 78 0
70 -18 -76 0
3 -70 78 0
43 23 -47 0
-53 -3 -7 0
85 -18 -21 0
-37 49 36 0
-72 -87 39 0
-25 87 -72 0
49 -77 29 0
89 -64 -5 0
-9 -71 69 0
54 85 52 0
-84 89 75 0
10 14 -13 0
27 13 48 0
19 80 -44 0
-48 28 45 0
17 66 -74 0
17 26 71 0
76 -27 4 0
60 49 -71 0
63 35 -64 0
-17 -60 25 0
82 -55 -12 0
41 -83 -31 0
-18 58 87 0
-79 60 -25 0
24 -78 84 0
65 26 88 0
90 77 -4 0
31 -84 -4 0
22 71 -29 0
76 30 67 0
84 20 49 0
21 54 41 0
65 -14 4 0
-44 43 89 0
79 81 -11 0
14 51 83 0
-68 33 76 0
69 -32 -38 0
30 55 50 0
17 -10 37 0
84 88 -66 0
84 2 -58 0
82 75 14 0
-79 -42 12 0
32 39 82 0
14 57 38 0
-32 -27 -85 0
-80 78 4 0
11 22 -71 0
39 5 3 0
-83 49 70 0
47 79 -31 0
-62 63 -43 0
-70 67 -47 0
17 -82 -90 0
-48 18 -84 0
-53 34 -6 0
-34 86 -74 0
33 1 59 0
-77 -49 -53 0
72 2 -26 0
-60 73 18 0
-39 -76 -84 0
-65 -47 -37 0
58 -43 51 0
49 -37 -20 0
58 27 -72 0
46 -47 9 0
-78 -55 18 0
-71 45 -88 0
-1 49 77 0
-84 -64 -7 0
-10 32 -25 0
58 56 86 0
-25 -71 -1 0
89 27 2 0
52 84 -19 0
-18 -35 -62 0
79 -12 -60 0
-14 -2 -28 0
23 59 69 0
62 81 31 0
-76 6 -56 0
86 22 -14 0
87 -27 23 0
81 72 80 0
-60 26 -30 0
-28 43 -41 0
30 45 -35 0
-11 38 83 0
40 -11 50 0
-47 30 22 0
-64 52 -70 0
85 -45 47 0
42 47 -65 0
20 -28 73 0
18 14 -13 0
-82 -1 -23 0
-89 -33 -71 0
-6 57 37 0
36 12 76 0
-71 -29 -36 0
-46 50 31 0
-90 -54 -27 0
-78 36 -64 0
15 -76 -63 0
-21 78 73 0
-30 39 4 0
24 79 -85 0
44 10 -18 0
88 65 -33 0
24 61 86 0
-82 88 -57 0
45 71 -36 0
68 73 -86 0
46 3 77 0
76 -84 -19 0
-14 60 61 0
-28 -11 -20 0
59 -28 66 0
-84 -76 56 0
-84 -54 17 0
6 -38 -36 0
-36 14 -86 0
-19 3 -65 0
-47 69 -64 0
35 42 -56 0
-69 -15 -50 0
-89 -77 -72 0
39 -25 45 0
-83 -87 30 0
-25 -15 45 0
-23 -69 -61 0
48 89 12 0
-15 59 23 0
-24 -36 18 0
63 41 -9 0
80 -11 43 0
82 -34 -85 0
14 -24 40 0
-59 -39 -61 0
-41 -32 -62 0
-1 -20 -48 0
-36 88 -5 0
22 45 39 0
26 70 -12 0
-17 -72 62 0
-73 -12 48 0
-30 59 51 0
-75 -37 36 0
-40 -5 -83 0
65 -57 3 0
-16 -47 -81 0
16 64 53 0
-90 -77 -76 0
19 -10 -64 0
-70 -48 -27 0
-21 -70 -62 0
55 -11 -88 0
62 -16 -77 0
78 -85 15 0
6 29 38 0
-81 25 3 0
-27 -4 -12 0
48 -26 -88 0
41 -25 -37 0
90 -12 48 0
-52 81 -40 0
-84 80 -46 0
35 89 -33 0
10 56 37 0
-37 56 -79 0
25 70 -86 0
-73 59 2 0
19 -72 18 0
25 55 60 0
77 3 86 0
66 7 46 0
-36 40 -66 0
-85 36 68 0
-81 3 -26 0
86 42 76 0
72 -28 -56 0
54 -26 -50 0
53 -11 -44 0
41 11 -24 0
-21 47 -80 0
64 66 25 0
-9 45 -64 0
-48 -3 84 0
26 44 56 0
-43 -55 -83 0
26 12 27 0
-80 -76 -68 0
-17 -69 -40 0
81 -76 -41 0
-35 76 -65 0
-54 -66 4 0
9 88 -82 0
8 -22 56 0
59 -21 44 0
56 -84 -64 0
64 -10 -17 0
17 13 -74 0
-56 81 54 0
-49 58 27 0
-89 88 -54 0
-48 27 54 0
-76 -1 61 0
-41 43 32 0
-28 48 -58 0
52 -62 -21 0
-34 -11 9 0
86 58 -48 0
-86 76 -90 0
-1 -2 -45 0
23 54 -28 0
55 -83 38 0
-44 64 41 0
-43 -71 -47 0
-55 -87 -30 0
10 -46 -64 0
36 30 43 0
39 6 2 0
-16 -36 -67 0
-84 -57 -49 0
78 -90 16 0
35 -62 9 0
40 55 83 0
90 -52 2 0
33 71 77 0
-56 43 85 0
9 10 79 0
59 -82 39 0
1 82 -84 0
-60 -81 34 0
61 52 -20 0
88 -41 47 0
30 -83 -58 0
-69 -1 -55 0
-52 16 36 0
2 40 -72 0
21 -43 18 0
3 -1 -78 0
-53 25 82 0
-29 -37 -34 0
-84 -5 35 0
29 -72 -31 0
83 -81 54 0
-81 14 -37 0
-78 -50 -18 0
-54 -12 40 0
-37 33 39 0
-56 82 4 0
-79 -7 -41 0
46 -40 44 0
-30 -29 -3 0
-88 -40 78 0
-79 1 -23 0
-75 82 -71 0
-57 3 82 0
-68 -16 -54 0
-38 67 -26 0
29 -43 72 0
27 20 35 0
76 -8 17 0
-20 11 82 0
75 57 31 0
-66 -11 44 0
79 58 -46 0
72 53 -39 0
11 50 76 0
-64 20 23 0
53 2 -39 0
-80 57 60 0
87 -36 -4 0
-73 8 -52 0
-87 50 22 0
-9 64 -34 0
9 -50 14 0
-81 -87 63 0
34 -63 66 0
-19 -37 88 0
-19 18 -16 0
80 -6 -12 0
65 86 5 0
19 -31 -86 0
-43 4 -49 0
-16 33 8 0
27 -79 -35 0
67 16 -62 0
45 69 -90 0
-25 90 1 0
21 -3 -41 0
17 41 78 0
-16 6 41 0
-43 -36 -22 0
44 90 -86 0
-52 65 -57 0
60 55 83 0
-17 33 -8 0
38 -53 -84 0
2 -17 12 0
-19 -63 -17 0
-50 87 -21 0
10 -71 -34 0
-13 85 33 0
88 -60 -45 0
-29 55 84 0
-65 -22 -80 0
88 1 -54 0
90 -56 -65 0
-51 -3 -67 0
7 83 -41 0
-90 36 47 0
-61 -29 36 0
-24 52 -72 0
-34 62 56 0
45 12 52 0
-15 -79 74 0
-34 -29 26 0
12 -61 -66 0
-49 34 78 0
-82 53 -54 0
19 -58 -64 0
-75 -77 64 0
-26 39 67 0
6 84 69 0
-54 -47 57 0
-16 25 -58 0
14 -56 -78 0
-66 80 -62 0
-4 79 3 0

c GPT solve time: 663.04 seconds

The 3-CNF formula is satisfiable. After applying the DPLL algorithm with unit propagation, pure literal elimination, and backtracking, a satisfying assignment is found. The number of decision points (branches) is 15, and the number of conflicts (backtracking steps) is 7.

The satisfying assignment for all variables (x1 to x90) is as follows:

x1=false, x2=false, x3=true, x4=true, x5=false, x6=false, x7=true, x8=true, x9=true, x10=true,  
x11=false, x12=false, x13=true, x14=true, x15=false, x16=true, x17=true, x18=true, x19=false, x20=false,  
x21=false, x22=true, x23=true, x24=false, x25=false, x26=false, x27=true, x28=false, x29=false, x30=false,  
x31=true, x32=true, x33=true, x34=false, x35=true, x36=false, x37=true, x38=true, x39=true, x40=false,  
x41=false, x42=true, x43=true, x44=false, x45=true, x46=true, x47=false, x48=true, x49=true, x50=false,  
x51=true, x52=true, x53=false, x54=true, x55=true, x56=false, x57=true, x58=true, x59=true, x60=true,  
x61=true, x62=false, x63=true, x64=false, x65=true, x66=false, x67=true, x68=true, x69=true, x70=true,  
x71=false, x72=false, x73=false, x74=false, x75=true, x76=true, x77=false, x78=true, x79=false, x80=false,  
x81=false, x82=false, x83=true, x84=false, x85=true, x86=true, x87=true, x88=true, x89=true, x90=false  

**Output Summary:**  
SATISFIABLE  
15  
7