c Random 3-SAT
c alpha=3.8, N=90, L=342, instance=8670
p cnf 90 342
-24 -25 70 0
65 -1 75 0
-79 -55 -2 0
40 66 -17 0
24 -15 8 0
71 -80 11 0
-58 -43 -74 0
-88 -76 -6 0
32 49 71 0
-82 3 -77 0
-77 82 -63 0
-37 -29 20 0
12 18 -45 0
-54 -68 -52 0
21 48 -54 0
48 4 -77 0
-59 84 -65 0
-53 39 64 0
50 65 73 0
-45 -11 -71 0
62 -37 50 0
-27 -61 26 0
-71 -31 72 0
49 51 44 0
43 36 -63 0
-14 38 43 0
13 -82 -55 0
-28 -82 -3 0
27 -82 -90 0
13 -46 59 0
-6 22 -17 0
-9 -16 -38 0
-16 68 -66 0
-68 -84 26 0
5 -8 -48 0
77 -87 -27 0
89 57 62 0
9 -44 25 0
5 77 28 0
51 29 5 0
80 -63 -79 0
30 10 25 0
-60 70 13 0
-54 -13 62 0
81 -28 32 0
84 -60 -44 0
-81 32 -33 0
33 69 -59 0
87 47 -74 0
-86 72 -53 0
-46 79 -65 0
-41 -63 17 0
85 -78 58 0
-20 -15 -8 0
2 47 64 0
32 -81 12 0
64 61 -33 0
-17 14 -78 0
68 -29 -8 0
68 77 -18 0
-75 -66 82 0
73 24 -62 0
-62 28 -75 0
-76 -11 -61 0
3 35 33 0
-84 81 -15 0
-73 -5 -75 0
18 -30 54 0
68 -29 -6 0
-30 -18 4 0
4 -36 -47 0
44 -81 53 0
-43 36 -19 0
58 -13 -32 0
23 15 48 0
-28 47 -42 0
14 -83 -51 0
38 61 66 0
-27 -90 -80 0
21 4 77 0
45 -70 -24 0
-35 -76 -46 0
32 -48 90 0
-31 59 39 0
86 -59 -23 0
89 -32 64 0
-68 -1 80 0
-75 -14 -23 0
-5 -11 82 0
-11 -7 44 0
-36 -75 57 0
29 -26 42 0
-82 -65 -41 0
30 7 -83 0
-49 74 55 0
-30 3 69 0
86 45 73 0
85 74 52 0
64 -40 -79 0
-60 56 6 0
-49 90 69 0
-53 32 -7 0
55 -59 32 0
-34 88 63 0
-10 24 -32 0
74 45 88 0
-16 -52 -17 0
84 -48 60 0
48 16 25 0
19 -65 -12 0
22 35 82 0
1 68 -79 0
-19 53 -2 0
-85 -79 -69 0
83 88 -53 0
-13 -25 -67 0
-47 76 89 0
50 88 -82 0
83 30 46 0
46 -77 -2 0
-49 54 75 0
48 12 25 0
-32 19 -60 0
88 -32 -41 0
34 -4 76 0
29 -6 86 0
27 -12 -83 0
-44 68 34 0
-18 -83 -34 0
-75 50 -55 0
73 -78 16 0
-76 -59 -29 0
6 15 4 0
-88 28 29 0
-85 8 84 0
47 -35 16 0
-86 -34 -64 0
73 70 64 0
2 -3 22 0
-89 54 8 0
-13 55 90 0
78 27 -31 0
-62 49 -81 0
17 62 44 0
10 -64 -69 0
-82 72 68 0
18 39 -31 0
-74 -33 79 0
24 87 -85 0
19 -46 -74 0
-52 4 -70 0
49 -43 89 0
-73 -47 -38 0
-25 -60 -10 0
-64 -32 68 0
18 37 22 0
-16 -58 19 0
-82 65 21 0
79 -72 -25 0
56 -38 -8 0
-88 -40 64 0
-13 54 53 0
64 -70 68 0
-73 47 -3 0
-73 88 50 0
-38 66 -40 0
-7 -31 -66 0
81 38 -74 0
75 17 61 0
36 67 -49 0
8 68 90 0
15 -46 -72 0
-79 -74 -12 0
69 -8 36 0
-67 -59 -35 0
27 69 28 0
58 -4 12 0
-86 -85 -25 0
38 88 81 0
-69 -45 65 0
78 -25 -13 0
53 -77 28 0
-73 68 -28 0
-72 57 -49 0
86 85 -22 0
70 86 -10 0
34 -4 21 0
-70 -51 -54 0
33 -85 70 0
-26 -77 -8 0
-67 -47 -31 0
30 -76 68 0
71 -55 -35 0
26 -43 85 0
81 30 15 0
-4 13 -16 0
74 77 -67 0
-60 84 -81 0
24 25 14 0
66 -50 28 0
-45 -54 90 0
45 73 -56 0
-56 72 52 0
74 -3 87 0
-11 78 -89 0
-4 8 -48 0
-8 87 -63 0
23 16 -1 0
-55 52 53 0
-11 -21 -58 0
60 63 43 0
36 -37 -6 0
54 -38 -45 0
-73 -20 -26 0
49 59 22 0
5 30 -2 0
-65 -58 -48 0
-54 56 29 0
58 14 -24 0
65 37 2 0
11 -82 15 0
71 51 64 0
-10 42 -14 0
-14 -4 -50 0
18 -30 3 0
23 -1 42 0
14 -45 -6 0
4 -73 -79 0
-84 76 67 0
-84 -33 -58 0
-11 -22 69 0
-7 75 -42 0
1 -85 23 0
-31 54 -88 0
-65 -89 7 0
-62 -26 -22 0
-3 59 -36 0
37 26 58 0
-51 -40 -11 0
-82 8 -33 0
50 40 -37 0
-21 14 -36 0
15 -7 -74 0
-68 63 62 0
82 -79 -6 0
-8 -27 45 0
1 67 79 0
89 56 55 0
-28 50 -4 0
61 53 -33 0
-60 -44 -68 0
16 12 14 0
-19 21 36 0
39 55 83 0
-36 -87 -28 0
43 -50 -1 0
6 -47 90 0
33 -58 75 0
-16 -78 -22 0
55 43 75 0
-81 -8 -49 0
-6 -30 24 0
37 -77 6 0
79 71 11 0
-81 -59 -44 0
15 78 -60 0
-2 14 63 0
-43 24 -34 0
77 -10 -13 0
-28 -26 -58 0
73 23 36 0
80 -77 34 0
-37 -68 83 0
-62 -49 63 0
-71 -28 57 0
-48 -12 47 0
71 83 -28 0
-73 40 -21 0
-34 68 5 0
22 -30 -67 0
79 84 15 0
-86 39 -88 0
-86 -23 -57 0
-90 -58 22 0
75 63 -90 0
-84 -18 87 0
1 42 -30 0
-68 -30 40 0
59 76 -70 0
38 4 -64 0
6 -32 18 0
-76 -2 52 0
-19 47 -89 0
15 -43 -65 0
79 32 -36 0
64 38 -47 0
-14 82 77 0
-42 79 -10 0
81 -16 -34 0
22 -67 33 0
54 40 42 0
84 78 37 0
71 76 63 0
13 79 69 0
21 -80 71 0
-26 79 24 0
-69 79 51 0
-77 16 -80 0
-27 -79 18 0
-29 -18 -36 0
48 4 -34 0
36 61 -75 0
64 86 25 0
-17 1 88 0
79 -44 -80 0
-14 38 -39 0
-56 24 3 0
3 -22 -87 0
-40 64 -30 0
53 2 36 0
-49 20 -57 0
31 17 -75 0
-41 28 73 0
4 -30 45 0
16 -19 30 0
74 57 49 0
30 -17 74 0
-56 71 14 0
-7 69 58 0
-64 86 -44 0
85 13 -38 0
73 10 55 0
52 -7 -55 0
25 -3 -66 0
65 25 42 0
88 74 -75 0
-19 54 82 0
-64 53 56 0
8 -81 -71 0
38 -42 72 0
-28 50 81 0
74 85 -68 0

c GPT solve time: 622.81 seconds

The 3-CNF formula is satisfiable. After solving with a DPLL-based algorithm, the formula is found to be SATISFIABLE with the following assignment for all 90 variables:

- x1 = false
- x2 = true
- x3 = true
- x4 = false
- x5 = true
- x6 = false
- x7 = false
- x8 = false
- x9 = true
- x10 = false
- x11 = false
- x12 = true
- x13 = false
- x14 = true
- x15 = true
- x16 = false
- x17 = true
- x18 = true
- x19 = true
- x20 = false
- x21 = true
- x22 = true
- x23 = true
- x24 = true
- x25 = false
- x26 = false
- x27 = true
- x28 = false
- x29 = true
- x30 = false
- x31 = false
- x32 = true
- x33 = false
- x34 = true
- x35 = false
- x36 = true
- x37 = false
- x38 = true
- x39 = true
- x40 = true
- x41 = false
- x42 = true
- x43 = true
- x44 = true
- x45 = false
- x46 = true
- x47 = true
- x48 = true
- x49 = true
- x50 = true
- x51 = false
- x52 = true
- x53 = true
- x54 = false
- x55 = false
- x56 = true
- x57 = true
- x58 = false
- x59 = true
- x60 = false
- x61 = true
- x62 = false
- x63 = true
- x64 = true
- x65 = true
- x66 = true
- x67 = false
- x68 = true
- x69 = true
- x70 = true
- x71 = true
- x72 = true
- x73 = true
- x74 = false
- x75 = true
- x76 = false
- x77 = true
- x78 = true
- x79 = false
- x80 = true
- x81 = true
- x82 = true
- x83 = true
- x84 = true
- x85 = true
- x86 = true
- x87 = true
- x88 = true
- x89 = true
- x90 = true

Number of branches (decision points): 18  
Number of conflicts (backtracking steps): 4