c Random 3-SAT
c alpha=3.7, N=70, L=259, instance=972
p cnf 70 259
12 -13 64 0
6 59 -3 0
-70 62 -67 0
50 -65 43 0
65 23 25 0
-59 64 -43 0
-35 -6 66 0
43 -13 24 0
-23 -17 25 0
28 -21 -7 0
47 44 -58 0
-55 -17 50 0
-53 27 -37 0
70 -17 57 0
5 54 16 0
-50 22 -29 0
-10 31 49 0
36 13 -17 0
-41 4 47 0
-61 -68 3 0
-37 46 -16 0
-38 39 45 0
5 33 44 0
-29 -46 42 0
-2 -47 24 0
-21 69 45 0
39 10 53 0
69 68 53 0
63 42 -36 0
56 -45 48 0
56 70 37 0
-57 -52 -25 0
36 -9 -46 0
-7 38 -2 0
-34 -5 31 0
-53 -17 38 0
-59 -4 12 0
42 62 58 0
-5 53 70 0
26 -56 43 0
-70 -56 43 0
-38 51 23 0
24 -32 -34 0
-60 -57 -29 0
-57 -64 49 0
-9 -39 64 0
58 -31 3 0
-54 68 -53 0
-41 53 4 0
-22 38 35 0
15 21 -61 0
-15 41 -34 0
36 -59 20 0
-65 14 -50 0
-7 -21 -47 0
12 53 -10 0
36 -24 -2 0
68 -69 -33 0
-13 -44 -53 0
-8 -49 -4 0
-61 -37 53 0
46 -30 22 0
35 69 -29 0
43 -2 -17 0
29 -21 -37 0
-2 57 -41 0
32 53 -5 0
33 -40 51 0
-2 34 11 0
-63 -7 -54 0
-20 65 53 0
-25 -68 -20 0
-1 48 55 0
49 -4 -13 0
14 20 -25 0
41 55 -51 0
-52 48 -5 0
-63 11 -54 0
13 -56 63 0
-30 -4 3 0
9 -42 -53 0
-61 -39 -25 0
68 -37 -41 0
69 4 52 0
46 -40 28 0
-13 17 69 0
-55 -31 -4 0
37 -22 -65 0
34 -20 24 0
-45 -2 43 0
-61 36 58 0
-27 29 31 0
66 36 -37 0
4 32 17 0
-39 -37 -49 0
-1 -57 -23 0
-70 1 67 0
23 66 -16 0
-59 -49 -22 0
-17 -35 39 0
1 68 49 0
38 -61 -55 0
61 56 -54 0
-11 -25 -64 0
33 49 58 0
-37 31 30 0
-38 63 45 0
57 8 20 0
42 35 39 0
-18 46 -42 0
14 34 12 0
-25 -41 -34 0
70 -22 33 0
-49 -44 -64 0
-5 -61 16 0
56 23 -54 0
-56 -50 29 0
53 -6 -20 0
-14 -24 57 0
-32 11 -10 0
30 -26 -39 0
-6 -20 -28 0
7 5 61 0
20 44 -63 0
5 18 6 0
-49 4 -5 0
16 58 49 0
-20 -42 6 0
8 -28 60 0
5 -14 -7 0
13 -27 17 0
54 65 8 0
-18 33 49 0
-63 -33 -48 0
18 25 64 0
45 12 -47 0
2 46 70 0
24 -18 -31 0
53 60 -65 0
-68 -51 67 0
53 -16 21 0
48 -24 -41 0
28 14 -66 0
43 11 -66 0
7 14 67 0
-34 55 62 0
-62 42 18 0
57 67 13 0
-27 32 23 0
-53 -20 -56 0
-42 56 -66 0
60 -29 -26 0
-47 55 -19 0
-42 3 -27 0
26 -56 31 0
38 -70 -60 0
-2 -68 36 0
-51 -16 70 0
66 -4 1 0
-63 67 -44 0
19 15 -49 0
7 48 -53 0
-36 -24 -57 0
66 -1 49 0
29 8 68 0
49 5 17 0
22 -47 -55 0
-19 -21 -57 0
-32 -9 39 0
63 -24 40 0
24 -3 69 0
-30 55 5 0
28 -23 56 0
-44 -33 67 0
49 29 -1 0
-48 -65 -23 0
-7 -50 70 0
26 25 -3 0
2 29 -18 0
52 -53 28 0
-3 -68 -66 0
-39 -60 -67 0
47 27 -26 0
27 66 -43 0
19 -37 69 0
34 -42 -64 0
29 7 48 0
-60 -6 -61 0
22 57 30 0
-29 21 51 0
-28 -60 68 0
33 -48 26 0
19 14 -64 0
56 21 -3 0
-34 22 -45 0
-45 56 -35 0
39 53 -67 0
-13 -70 18 0
-48 37 -56 0
-6 57 -20 0
45 -12 -50 0
-55 -8 -38 0
64 55 38 0
69 68 -54 0
10 19 -67 0
26 -70 -8 0
18 -54 56 0
46 5 10 0
47 2 20 0
41 -63 64 0
47 7 54 0
44 28 42 0
-12 25 -26 0
-7 -40 -17 0
5 -11 67 0
-40 -7 -8 0
51 43 19 0
52 -29 19 0
6 10 -61 0
-35 -38 37 0
-61 -27 -59 0
54 -25 -34 0
24 2 64 0
-34 40 14 0
57 63 -45 0
9 -28 50 0
-37 65 1 0
-33 -50 52 0
6 32 70 0
-53 -14 -55 0
1 19 29 0
-67 29 66 0
20 -45 -39 0
-31 -26 -56 0
49 27 13 0
-50 -49 -65 0
-54 -30 -4 0
-43 59 -64 0
67 61 15 0
-48 3 -2 0
35 -24 -42 0
9 -44 -46 0
24 -59 53 0
21 25 13 0
-60 6 25 0
29 20 10 0
1 30 4 0
-31 -19 59 0
46 -31 39 0
22 -63 -33 0
-53 -43 -67 0
-45 5 -16 0
39 64 57 0
27 -34 58 0
-6 52 -28 0
-16 -59 10 0
-33 44 -32 0
-1 38 -56 0
11 66 68 0

c GPT solve time: 3.13 seconds

SATISFIABLE  
Number of branches: 6  
Number of conflicts: 2  
Literal values:  
x1 = False  
x2 = False  
x3 = False  
x4 = False  
x5 = True  
x6 = False  
x7 = False  
x8 = False  
x9 = False  
x10 = False  
x11 = False  
x12 = False  
x13 = False  
x14 = False  
x15 = False  
x16 = False  
x17 = False  
x18 = False  
x19 = False  
x20 = False  
x21 = False  
x22 = False  
x23 = False  
x24 = False  
x25 = False  
x26 = False  
x27 = False  
x28 = False  
x29 = False  
x30 = False  
x31 = False  
x32 = False  
x33 = False  
x34 = False  
x35 = False  
x36 = False  
x37 = False  
x38 = False  
x39 = False  
x40 = False  
x41 = False  
x42 = False  
x43 = False  
x44 = False  
x45 = False  
x46 = False  
x47 = False  
x48 = False  
x49 = False  
x50 = False  
x51 = False  
x52 = False  
x53 = False  
x54 = False  
x55 = False  
x56 = False  
x57 = False  
x58 = False  
x59 = False  
x60 = False  
x61 = False  
x62 = False  
x63 = False  
x64 = False  
x65 = False  
x66 = False  
x67 = False  
x68 = False  
x69 = False  
x70 = False