c Random 3-SAT
c alpha=3.7, N=70, L=259, instance=2685
p cnf 70 259
70 -29 -43 0
-31 27 -16 0
20 -2 -51 0
54 18 -52 0
-4 -20 -15 0
-42 -8 -14 0
22 58 -54 0
33 -34 -1 0
37 -31 -23 0
-25 19 10 0
-19 51 32 0
16 -55 20 0
-46 54 19 0
-62 -63 -40 0
35 -32 -33 0
57 -35 59 0
-1 25 -5 0
40 11 -64 0
5 -46 -68 0
-47 -5 25 0
39 12 -48 0
-29 70 -64 0
-52 22 48 0
-58 50 48 0
-61 52 24 0
-11 -41 -23 0
-22 28 -43 0
8 -31 6 0
-3 -54 66 0
-30 55 27 0
-53 -28 60 0
39 58 -42 0
-17 55 9 0
-28 -64 -58 0
-41 -66 -33 0
23 13 -18 0
58 60 21 0
27 1 55 0
-11 -26 43 0
62 -30 -44 0
26 -20 5 0
64 11 -48 0
-16 43 -11 0
-63 55 -45 0
16 4 -20 0
-56 -58 -37 0
-18 27 -19 0
-61 4 5 0
48 32 -4 0
24 28 -2 0
-4 -12 -10 0
-70 24 38 0
-38 -9 66 0
-7 35 63 0
11 -2 -48 0
21 30 59 0
21 -59 16 0
-42 -33 -44 0
31 9 55 0
-3 41 -39 0
-8 70 -45 0
-54 67 -20 0
-43 -55 -10 0
-61 46 48 0
48 33 -2 0
-67 10 -52 0
-6 -41 51 0
-65 14 1 0
44 27 62 0
-68 8 10 0
-41 -17 -44 0
46 44 -31 0
-27 11 16 0
43 -35 70 0
59 45 24 0
30 5 37 0
-1 -33 12 0
-34 -30 -62 0
60 -26 7 0
-53 -21 43 0
49 25 67 0
65 -4 52 0
15 -42 -34 0
60 -62 -35 0
22 -45 68 0
-39 -70 -69 0
5 52 -40 0
44 -40 6 0
-38 -35 18 0
-33 -12 5 0
18 2 -36 0
-37 -35 51 0
40 -52 34 0
51 -11 -16 0
-28 32 29 0
52 26 -57 0
69 20 -10 0
-5 -23 15 0
-5 26 -23 0
2 -33 69 0
-15 7 -34 0
-52 25 18 0
21 -47 -69 0
-11 -24 58 0
54 61 -36 0
-1 55 -43 0
-48 37 21 0
59 -56 -49 0
68 48 -30 0
-67 31 -20 0
-53 -61 -35 0
-25 -20 37 0
-42 53 10 0
34 20 62 0
-70 5 -51 0
49 -7 -16 0
-7 -50 26 0
35 16 -17 0
67 -24 -57 0
17 -9 67 0
9 -34 1 0
-27 10 55 0
32 -49 3 0
68 44 24 0
-29 -70 -46 0
12 3 -6 0
23 -21 70 0
-55 -17 -25 0
28 21 -31 0
-32 -14 -64 0
62 11 64 0
-53 -62 38 0
-42 1 64 0
11 -33 -28 0
-67 -8 -43 0
1 70 64 0
59 36 22 0
70 45 -16 0
41 64 -38 0
22 16 19 0
-52 3 30 0
18 65 23 0
-14 65 -27 0
10 -55 6 0
-53 69 -60 0
-38 -23 67 0
27 39 56 0
-19 -51 -67 0
20 18 16 0
47 23 54 0
-9 -47 -38 0
-44 60 -43 0
-48 -36 -29 0
-45 -38 -53 0
-23 -55 -10 0
-67 -28 18 0
10 -42 -23 0
-29 15 -1 0
31 -66 70 0
43 -69 -21 0
-62 -9 -45 0
-6 23 -31 0
-20 -22 -27 0
53 -57 -55 0
-31 29 -35 0
39 37 -64 0
66 17 52 0
-70 20 -3 0
39 -3 31 0
-59 3 -35 0
29 62 -33 0
24 8 48 0
-1 -35 -38 0
12 -38 30 0
-50 -29 -68 0
62 3 31 0
-16 37 39 0
23 -32 -12 0
-11 -70 -22 0
-57 47 -66 0
68 -37 -44 0
52 -23 -28 0
11 43 -10 0
3 -1 35 0
48 -52 -46 0
-27 1 53 0
34 50 -1 0
12 -62 -64 0
-40 25 -9 0
-9 -63 -19 0
-39 -28 -69 0
-39 61 -57 0
68 39 56 0
-34 1 -33 0
-60 49 51 0
-6 57 -16 0
-70 -66 36 0
-70 -57 60 0
25 -64 58 0
8 -37 21 0
65 -4 -41 0
-65 -8 -32 0
-28 63 -68 0
24 14 68 0
36 46 -21 0
-57 -70 -59 0
-69 -41 -2 0
58 -23 10 0
-69 40 31 0
68 -9 41 0
45 31 64 0
62 -63 -15 0
22 -37 63 0
-45 1 7 0
-23 -22 -50 0
21 -27 -62 0
24 -54 -60 0
-30 3 29 0
-23 21 -19 0
-36 -60 26 0
25 2 32 0
-41 -48 -43 0
15 54 19 0
-66 10 62 0
30 15 -6 0
-6 -52 34 0
26 52 -8 0
-65 58 34 0
17 58 -21 0
-67 63 -18 0
-26 20 22 0
43 69 -54 0
-17 65 -24 0
32 30 21 0
11 31 -23 0
-45 50 -70 0
23 -20 48 0
-47 -38 46 0
43 26 15 0
-24 20 -67 0
-34 -67 25 0
37 45 1 0
70 68 -3 0
65 36 -39 0
39 60 65 0
-36 19 -10 0
-10 55 -4 0
14 -32 -12 0
-52 -58 24 0
-3 -51 -45 0
66 9 -25 0
43 58 25 0
-6 -65 -40 0
20 -18 56 0
-66 -32 -29 0
54 -27 41 0
9 -17 67 0
44 8 39 0
-50 66 -67 0

c GPT solve time: 3.51 seconds

SATISFIABLE  
Number of branches: 3  
Number of conflicts: 0  
Literal values:  
x1 = False  
x2 = False  
x3 = False  
x4 = False  
x5 = False  
x6 = False  
x7 = False  
x8 = False  
x9 = False  
x10 = False  
x11 = False  
x12 = False  
x13 = False  
x14 = False  
x15 = False  
x16 = False  
x17 = False  
x18 = False  
x19 = False  
x20 = False  
x21 = False  
x22 = False  
x23 = False  
x24 = False  
x25 = False  
x26 = False  
x27 = False  
x28 = False  
x29 = False  
x30 = False  
x31 = False  
x32 = False  
x33 = False  
x34 = False  
x35 = False  
x36 = False  
x37 = False  
x38 = False  
x39 = False  
x40 = False  
x41 = False  
x42 = False  
x43 = False  
x44 = False  
x45 = False  
x46 = False  
x47 = False  
x48 = False  
x49 = False  
x50 = False  
x51 = False  
x52 = False  
x53 = False  
x54 = False  
x55 = False  
x56 = False  
x57 = False  
x58 = False  
x59 = False  
x60 = False  
x61 = False  
x62 = False  
x63 = False  
x64 = False  
x65 = False  
x66 = False  
x67 = False  
x68 = False  
x69 = False  
x70 = False