c Random 3-SAT instance
c alpha = 5.5, N = 75, L = 412, instance = 148
p cnf 75 412
70 -23 -64 0
17 -64 -56 0
-61 -5 18 0
-68 67 56 0
-42 71 62 0
52 -62 -42 0
-75 -73 -9 0
11 61 -31 0
-39 -55 -8 0
38 -62 17 0
20 55 -65 0
14 53 -46 0
-13 21 1 0
-13 24 52 0
4 44 57 0
-54 -51 50 0
41 -72 -31 0
-27 17 -64 0
63 -68 23 0
-31 45 -34 0
45 -16 -62 0
-51 68 -55 0
-8 54 -64 0
-10 -29 -58 0
-45 -41 69 0
52 -48 8 0
-44 75 72 0
61 1 -18 0
-48 -57 -2 0
53 2 37 0
-26 -75 -60 0
8 -58 14 0
74 -67 -10 0
59 -41 73 0
3 -20 38 0
-12 61 -21 0
-43 14 -60 0
-22 38 -12 0
20 2 10 0
-37 1 45 0
-52 -27 73 0
17 1 28 0
67 -57 25 0
-62 58 43 0
-54 -26 23 0
-17 7 -35 0
17 -14 -5 0
57 -58 67 0
-59 53 -42 0
-65 -59 -4 0
29 -41 47 0
-57 -42 48 0
-68 -4 33 0
-2 -6 67 0
-40 -66 32 0
-45 -49 40 0
10 -35 45 0
-74 18 -33 0
-31 -22 17 0
14 31 -45 0
32 65 58 0
71 -26 45 0
36 -32 -47 0
-33 -1 6 0
16 54 -64 0
47 39 30 0
-53 61 31 0
11 56 -37 0
-50 3 12 0
-13 -60 62 0
35 -67 41 0
69 -47 -23 0
21 -61 28 0
-28 -19 72 0
28 -47 69 0
-29 4 61 0
-22 30 33 0
-13 -28 57 0
-21 -69 -38 0
61 56 -66 0
30 -19 -31 0
-1 -10 54 0
-46 -23 -58 0
-18 59 11 0
17 -33 44 0
26 -23 52 0
22 56 -61 0
-49 -18 -10 0
68 2 -26 0
39 35 70 0
-34 -16 72 0
-25 62 -71 0
31 37 -58 0
10 -24 -36 0
-69 -8 1 0
-28 14 62 0
-27 -51 50 0
-69 33 37 0
-52 37 -53 0
-39 31 2 0
18 -53 6 0
48 -13 39 0
73 13 9 0
-21 68 -5 0
-15 -52 57 0
-8 -36 -40 0
23 -53 21 0
63 -55 -29 0
-62 -26 8 0
-26 -4 -38 0
-48 -31 35 0
8 63 -70 0
11 48 3 0
22 39 -63 0
8 -27 -60 0
27 -8 -18 0
-61 18 -43 0
-23 14 56 0
8 -26 -27 0
-56 -2 -65 0
52 -20 -16 0
-29 -15 17 0
-62 59 50 0
74 -63 -70 0
-75 -28 25 0
-40 -23 37 0
-9 40 27 0
-64 -40 43 0
60 36 3 0
-23 56 -19 0
37 1 61 0
-33 -34 -58 0
54 8 -57 0
74 -37 68 0
-25 3 -19 0
-72 18 47 0
25 -34 -68 0
8 -44 -59 0
-21 15 57 0
3 19 -71 0
40 -11 2 0
40 -30 74 0
75 -55 2 0
51 59 34 0
30 44 -68 0
-30 -57 40 0
23 6 57 0
63 -59 -27 0
-8 21 48 0
20 -56 -26 0
-47 1 -74 0
30 24 -34 0
-61 1 -26 0
-22 -30 -40 0
-45 33 -3 0
72 -69 -33 0
-9 -13 63 0
-12 -34 -26 0
-40 42 -7 0
65 -35 -32 0
66 -7 -8 0
5 42 57 0
-16 43 -21 0
20 43 -10 0
73 -10 -37 0
-52 33 -72 0
65 69 39 0
9 70 -64 0
38 17 20 0
43 30 8 0
-5 70 57 0
-37 -57 -18 0
12 43 -36 0
-6 -46 9 0
-12 38 -42 0
51 -48 26 0
19 -63 -30 0
48 72 -19 0
-9 -15 22 0
-25 -16 49 0
-44 -47 -60 0
50 -41 -63 0
64 31 -50 0
61 15 10 0
-45 -46 25 0
-55 -49 2 0
49 -42 -36 0
50 -66 -26 0
37 53 -10 0
-17 7 -9 0
-21 25 26 0
-32 -11 -34 0
-60 38 69 0
-66 14 -1 0
11 45 -65 0
51 45 -7 0
61 -48 70 0
-28 54 72 0
-41 -75 42 0
-52 -27 43 0
-33 -50 11 0
-35 -61 -50 0
-34 70 10 0
61 -68 55 0
5 70 61 0
40 -29 60 0
31 -10 -47 0
28 -6 55 0
-72 15 42 0
-25 -20 11 0
-37 14 57 0
-70 -10 66 0
-5 64 55 0
-48 -9 23 0
-65 28 -14 0
-7 -30 -58 0
2 70 5 0
51 -56 -23 0
58 60 59 0
-23 -35 -42 0
-64 -31 -2 0
22 62 68 0
-58 41 -27 0
66 -68 -69 0
-57 42 32 0
-52 8 -70 0
65 21 49 0
-42 -66 -38 0
31 -30 73 0
41 -26 -32 0
-12 30 -13 0
-45 62 -15 0
-62 40 -33 0
27 -53 72 0
63 72 12 0
10 -21 15 0
38 -17 56 0
55 -5 -9 0
30 42 -17 0
42 -1 60 0
35 -44 64 0
14 2 -69 0
-49 62 -46 0
74 60 21 0
48 42 -9 0
15 75 39 0
-67 37 -26 0
15 33 -2 0
57 -15 -64 0
-40 25 67 0
-33 -57 56 0
58 -22 39 0
-39 -32 -54 0
53 -11 13 0
69 62 -6 0
26 -35 2 0
-70 -30 46 0
-63 -43 45 0
-6 51 -67 0
-71 -17 -2 0
59 -73 -11 0
1 65 25 0
-73 9 -59 0
16 43 -29 0
-9 -21 -4 0
13 -21 -38 0
-47 -34 -8 0
36 -66 45 0
-21 4 -46 0
-10 51 46 0
-22 -17 73 0
37 -70 50 0
-2 -14 26 0
-41 -28 -65 0
-31 34 -73 0
56 -3 -62 0
-35 9 4 0
67 48 -56 0
6 62 2 0
73 52 -19 0
-32 39 -63 0
-65 47 12 0
47 -59 -2 0
49 42 -60 0
-71 -66 -12 0
-34 12 11 0
7 -11 23 0
-2 60 33 0
-22 -70 38 0
-59 19 3 0
-9 4 -31 0
75 -53 -2 0
6 -2 48 0
-51 13 -59 0
32 7 -58 0
-36 -1 -63 0
35 -74 -9 0
5 -9 -54 0
-37 -5 54 0
67 64 26 0
57 -49 -27 0
42 -35 -12 0
-27 33 60 0
-37 -43 -33 0
-21 20 39 0
-2 -34 12 0
-55 46 74 0
28 -42 10 0
32 55 -58 0
68 -34 -20 0
-37 25 -43 0
-52 35 17 0
46 -70 -9 0
63 -50 51 0
65 -28 34 0
-35 -2 74 0
-63 65 41 0
65 57 63 0
-50 11 44 0
18 7 46 0
47 44 -3 0
30 8 53 0
70 29 -11 0
68 40 8 0
-74 -68 41 0
-46 38 70 0
-25 6 16 0
49 -9 -12 0
67 -26 -62 0
43 66 -37 0
61 -57 -11 0
34 -20 9 0
-47 -22 -35 0
20 38 14 0
-39 34 1 0
-64 -36 58 0
1 27 -30 0
19 -44 -61 0
-52 -27 -68 0
-31 -12 59 0
-73 39 55 0
-36 19 -51 0
-40 8 -64 0
15 -24 -74 0
23 56 -67 0
3 -38 -47 0
36 47 -29 0
49 36 32 0
-27 -70 44 0
-67 -52 -71 0
58 -5 29 0
-19 10 17 0
36 40 -54 0
51 -36 15 0
-34 24 -13 0
25 -53 -20 0
-45 -39 27 0
34 -11 66 0
-11 -33 -14 0
54 17 -18 0
39 -54 -2 0
74 -36 2 0
-63 2 -55 0
26 66 -30 0
43 -53 -58 0
-34 -66 -72 0
-25 -60 34 0
31 -1 5 0
-21 -9 36 0
-21 -16 63 0
-43 -26 -7 0
59 -20 6 0
72 52 67 0
8 -42 -65 0
-34 21 35 0
-14 49 -15 0
31 -37 5 0
-9 -8 13 0
-46 -14 -36 0
-36 -47 29 0
1 52 -27 0
46 -20 34 0
4 23 -32 0
17 -26 24 0
-1 11 -51 0
-22 -70 63 0
-29 -61 -37 0
36 -37 -38 0
-6 -63 -47 0
2 38 -51 0
-42 -36 -16 0
3 24 -56 0
40 -41 35 0
-25 4 8 0
68 36 -18 0
13 -17 -41 0
-40 54 -46 0
-39 31 -74 0
-75 -36 -43 0
39 -10 -53 0
-35 -13 -12 0
15 68 -40 0
33 38 73 0
6 17 46 0
58 -73 -34 0
-53 32 -52 0
-72 54 43 0
4 63 37 0
46 8 -62 0
1 -9 49 0
68 -5 -25 0
-29 -20 -36 0
s UNSATISFIABLE
d decisions 96
