c Random 3-SAT instance
c alpha = 4.0, N = 75, L = 300, instance = 263
p cnf 75 300
74 23 -52 0
-45 31 -48 0
-26 -69 -66 0
37 -44 41 0
-2 25 44 0
-75 62 -47 0
48 -26 39 0
65 -4 -28 0
-69 -70 25 0
-51 70 -24 0
13 -74 61 0
-9 7 29 0
-22 37 -65 0
-64 75 50 0
22 33 -75 0
-30 38 -10 0
-41 25 6 0
24 -8 2 0
56 44 -14 0
-60 -34 -16 0
-46 28 -73 0
-26 11 -24 0
-55 33 -41 0
-48 -57 -6 0
-25 41 -27 0
70 7 -68 0
3 11 28 0
7 57 73 0
-41 60 74 0
39 34 -16 0
29 64 -13 0
-24 -1 -41 0
-39 -1 -20 0
39 -62 18 0
71 11 14 0
-58 -56 48 0
64 62 -45 0
-58 -41 -44 0
31 16 -19 0
66 6 30 0
-72 -30 75 0
3 26 19 0
-18 16 36 0
5 20 -35 0
52 30 -63 0
24 -65 46 0
-33 -46 11 0
-61 4 29 0
-67 -25 4 0
-37 -50 31 0
65 -42 46 0
47 22 -15 0
35 30 73 0
4 -21 -53 0
20 63 50 0
-7 -53 66 0
-17 -16 27 0
30 -37 46 0
-2 -37 25 0
27 -20 2 0
-15 24 -27 0
35 33 -18 0
3 25 13 0
-70 -67 -6 0
40 60 -14 0
-23 -10 3 0
36 -11 10 0
64 -27 11 0
21 -7 48 0
42 65 -75 0
-50 57 -41 0
-65 12 -66 0
7 -30 57 0
-8 -32 65 0
-39 -26 49 0
-25 -7 -27 0
-49 69 -74 0
-3 75 46 0
24 54 -74 0
-35 -25 7 0
13 -17 -48 0
-47 70 -43 0
62 61 23 0
3 48 -20 0
53 -37 -67 0
-13 29 47 0
-72 62 -4 0
-7 -47 -25 0
15 -4 -30 0
-44 -69 48 0
36 -4 -24 0
-13 -26 -22 0
5 -66 12 0
-19 58 -66 0
-33 -55 71 0
-17 -59 4 0
-70 44 -55 0
4 -27 -64 0
-65 66 9 0
-69 -74 -29 0
-30 -6 -36 0
1 -68 42 0
-12 24 15 0
-9 -16 -59 0
7 37 -38 0
60 38 -35 0
21 -24 -10 0
-20 54 -32 0
14 -12 -27 0
56 45 39 0
60 8 -75 0
-64 -55 3 0
-2 -70 -9 0
-55 57 -66 0
-53 71 -24 0
14 -48 15 0
-21 70 -18 0
68 -28 -32 0
-71 -17 -57 0
18 59 -17 0
-70 75 -29 0
73 -43 -16 0
-64 61 63 0
-22 72 -4 0
6 -24 -66 0
30 -61 -53 0
-21 3 30 0
8 21 -74 0
-58 -6 74 0
30 -36 48 0
-13 47 -37 0
71 50 -40 0
-41 -14 -50 0
-11 -20 32 0
14 -22 64 0
-75 53 49 0
51 -1 -61 0
12 -3 30 0
-26 -48 -24 0
52 45 -35 0
37 -61 42 0
-12 10 52 0
71 -62 42 0
74 -39 7 0
46 -35 -53 0
73 26 4 0
6 18 -30 0
-57 67 -28 0
-26 -19 -21 0
-47 27 -45 0
-35 72 -28 0
68 50 47 0
-56 -58 -72 0
13 -58 -16 0
-38 28 -15 0
-51 52 -22 0
14 69 -8 0
29 17 -51 0
7 74 -51 0
72 -41 17 0
-48 -70 -7 0
-1 -7 35 0
-10 19 -61 0
62 44 -16 0
-1 -35 -26 0
-32 -41 54 0
-34 20 -15 0
71 -47 73 0
29 -69 44 0
-75 -63 -10 0
75 -62 12 0
45 -41 -14 0
19 -37 57 0
-68 -3 -72 0
49 -67 -9 0
-11 -10 56 0
-74 46 -51 0
-50 64 -55 0
-72 -55 -75 0
-69 53 72 0
-65 -75 -36 0
39 26 -13 0
19 -36 -15 0
2 44 -70 0
-17 3 16 0
-2 -67 -39 0
18 -31 -58 0
71 -2 -37 0
39 44 -50 0
2 -37 -3 0
-17 -5 75 0
21 -53 39 0
-20 30 -68 0
-75 -14 7 0
-61 36 -16 0
53 33 -51 0
54 60 62 0
-10 -11 18 0
17 54 -43 0
-59 -34 -24 0
-72 -1 18 0
-38 -14 -57 0
69 -34 4 0
22 6 46 0
-6 -19 -33 0
28 -62 -65 0
-13 -73 3 0
-58 6 48 0
-32 -63 53 0
61 -25 -50 0
52 32 47 0
14 -56 46 0
-49 -59 -19 0
21 -49 47 0
26 25 21 0
-33 -52 25 0
43 61 -56 0
41 47 3 0
-17 -55 45 0
46 21 -39 0
59 -35 38 0
-54 23 -6 0
10 8 -2 0
-4 -65 38 0
29 53 30 0
14 -61 69 0
-36 5 -19 0
44 29 -56 0
-71 57 -46 0
-51 -36 4 0
-71 -68 -73 0
-30 -67 73 0
-61 3 66 0
19 66 32 0
-39 42 -65 0
-22 -17 26 0
-36 33 -59 0
-42 71 -14 0
64 -1 45 0
49 57 -27 0
14 -15 62 0
23 21 56 0
65 -68 49 0
-55 -63 -68 0
19 -38 58 0
33 18 -3 0
-5 -49 -66 0
-24 8 -32 0
-8 40 -38 0
-1 8 -44 0
-4 32 -3 0
67 -74 65 0
46 -25 48 0
68 -60 73 0
33 53 -59 0
-12 -23 13 0
-17 43 74 0
-67 -69 24 0
-4 72 -71 0
-55 59 -28 0
10 38 -70 0
3 70 51 0
61 -39 -14 0
47 -74 42 0
15 -61 -33 0
32 -31 -6 0
-5 -45 -65 0
73 24 25 0
-41 28 -49 0
26 -40 -60 0
-24 48 17 0
-50 2 62 0
-40 59 -31 0
65 -40 -6 0
27 52 -13 0
75 69 12 0
69 -47 15 0
42 38 -62 0
-50 -5 7 0
51 -63 -31 0
-63 -20 -29 0
-10 -15 -19 0
-21 -72 -50 0
-69 61 38 0
65 72 -68 0
1 37 -15 0
-30 4 31 0
57 40 -71 0
65 -21 36 0
75 63 -33 0
-26 -54 -11 0
14 -71 -12 0
-45 56 -74 0
23 48 -28 0
-32 3 34 0
-37 45 -38 0
66 -50 -30 0
12 23 17 0
71 -47 74 0
31 21 22 0
s UNSATISFIABLE
d decisions 276
