c Random 3-SAT instance
c alpha = 6.5, N = 75, L = 487, instance = 197
p cnf 75 487
-73 -24 23 0
35 -67 -75 0
54 1 62 0
-70 -14 -67 0
-60 -20 37 0
34 1 35 0
-69 -9 -4 0
7 -72 56 0
14 1 -25 0
-2 -60 -51 0
-58 -5 65 0
-30 -16 74 0
-30 -13 -3 0
-57 -62 36 0
39 29 -24 0
-20 -2 16 0
61 -38 26 0
54 4 42 0
-36 -60 -16 0
61 49 -11 0
2 -36 -17 0
53 -13 -14 0
-49 -20 -40 0
-2 35 -65 0
40 -15 -44 0
33 64 40 0
22 -53 -16 0
4 45 -58 0
-74 31 -39 0
-8 -40 16 0
-47 52 34 0
59 37 -63 0
-14 63 -42 0
-14 -13 44 0
72 9 -12 0
50 -1 -69 0
-48 8 65 0
6 4 -53 0
-61 3 72 0
12 13 -46 0
64 -30 37 0
-7 -3 23 0
-8 26 -9 0
-38 1 -62 0
22 -67 -15 0
-2 -32 -61 0
43 -68 -34 0
-60 -53 -28 0
-60 54 35 0
-9 -22 -41 0
-46 15 -10 0
16 27 -59 0
38 -10 -2 0
-42 -23 -19 0
-39 -3 -68 0
21 65 -1 0
-10 48 68 0
-9 -63 -66 0
-13 -73 39 0
24 56 48 0
-23 64 -39 0
57 13 -38 0
63 20 3 0
50 33 -75 0
-43 -22 -8 0
-24 -34 -58 0
-12 -64 -29 0
-75 -72 -29 0
-57 -66 55 0
15 67 -36 0
10 19 50 0
56 -16 -20 0
75 -61 -44 0
73 -58 -34 0
39 -51 44 0
63 13 -62 0
10 -44 -51 0
-53 11 -71 0
6 -53 17 0
-68 -57 -42 0
74 71 -50 0
-52 -17 -62 0
48 29 -56 0
70 32 47 0
-13 61 24 0
31 58 47 0
18 69 45 0
-20 -74 -55 0
-54 -71 -44 0
53 3 -64 0
65 45 -52 0
-28 -57 -38 0
-3 -43 -15 0
-21 27 15 0
-7 -40 -30 0
-50 65 15 0
46 45 38 0
30 -36 -63 0
40 -75 12 0
-63 -28 32 0
68 53 -69 0
11 49 -54 0
-71 -39 52 0
3 -55 41 0
48 59 -50 0
29 -22 -52 0
61 32 53 0
19 39 11 0
-2 -72 39 0
-45 50 -37 0
44 56 58 0
50 -46 -3 0
-39 30 66 0
1 -62 -70 0
-39 51 -34 0
22 3 1 0
-32 66 -19 0
51 -42 -8 0
-15 -39 -41 0
9 72 6 0
41 -62 31 0
21 20 51 0
71 43 -17 0
-42 34 59 0
22 -5 57 0
70 -65 -10 0
72 -54 -11 0
44 40 -9 0
26 -45 2 0
-24 9 72 0
71 61 53 0
60 22 -45 0
-56 16 66 0
-58 71 11 0
33 19 29 0
-43 -28 -10 0
-8 14 -38 0
61 -69 -23 0
59 -32 25 0
45 -12 -72 0
57 14 5 0
43 -32 7 0
10 -37 61 0
-3 -41 57 0
68 -42 -25 0
-12 -40 -31 0
-44 12 -58 0
66 19 -12 0
-28 -53 -74 0
65 -38 34 0
29 -65 51 0
63 2 -45 0
38 10 2 0
-57 2 68 0
66 -47 -28 0
27 -44 -35 0
13 -75 -63 0
4 14 41 0
-70 -8 45 0
-50 -22 -59 0
-40 -20 16 0
9 -48 2 0
5 -75 -25 0
-13 65 33 0
-5 -39 -4 0
-44 -10 21 0
43 -24 1 0
-56 40 -30 0
30 28 45 0
-56 38 11 0
32 -47 57 0
-44 -57 11 0
-65 22 10 0
-17 -58 28 0
-48 -26 64 0
-73 67 -25 0
-21 -3 -9 0
-68 -41 -10 0
-17 42 -61 0
9 -51 -53 0
-5 34 -59 0
-47 45 -59 0
18 47 -25 0
-26 32 70 0
-66 75 -54 0
49 -73 72 0
73 59 68 0
-19 -47 -37 0
59 -41 -51 0
25 35 13 0
38 73 45 0
13 52 -37 0
44 -40 20 0
-2 26 44 0
12 68 -74 0
56 -18 28 0
57 -33 -41 0
-37 53 70 0
7 24 -35 0
-75 10 3 0
32 -61 36 0
-33 -1 71 0
-62 -12 -29 0
5 19 73 0
40 60 27 0
43 47 3 0
-42 71 -45 0
-35 55 6 0
-17 59 64 0
-43 3 59 0
-56 58 61 0
54 -63 -36 0
73 13 5 0
-48 55 24 0
28 24 49 0
51 41 22 0
-48 -30 56 0
-75 29 -4 0
-4 -3 -60 0
-2 -1 6 0
-20 2 74 0
-70 -58 -60 0
12 57 15 0
44 26 27 0
-54 -38 29 0
29 -65 21 0
-69 -63 24 0
18 -22 71 0
-53 3 66 0
42 -58 -5 0
-46 -10 26 0
-31 -49 30 0
-9 -58 72 0
27 30 12 0
3 52 -58 0
57 -18 -8 0
7 -40 -69 0
-56 -65 -27 0
3 40 -59 0
-37 41 -16 0
-47 -34 56 0
67 -45 -41 0
-39 -5 69 0
-30 45 51 0
-1 -29 17 0
48 -13 9 0
-39 4 -42 0
-17 69 15 0
63 53 66 0
14 64 -21 0
-21 61 58 0
-27 37 74 0
17 5 48 0
-61 -18 -53 0
61 -62 58 0
56 1 -20 0
31 68 -11 0
60 33 62 0
72 -42 -52 0
-66 42 -57 0
-71 61 62 0
68 -30 63 0
-16 -8 -12 0
32 28 -61 0
-36 31 63 0
-66 65 -5 0
66 55 -71 0
-44 -52 -15 0
69 52 16 0
-9 48 -51 0
-67 -75 29 0
75 73 -39 0
69 65 -30 0
-70 -47 -19 0
61 -47 68 0
6 75 46 0
46 -56 -29 0
-73 -62 27 0
-62 60 -5 0
53 61 -62 0
16 -46 -55 0
2 30 -29 0
-42 59 -12 0
38 -33 10 0
21 -43 10 0
-66 -29 70 0
-8 -35 30 0
65 -12 -38 0
41 -61 4 0
-59 20 -72 0
-26 -70 63 0
-7 67 12 0
41 55 -43 0
34 45 63 0
-59 8 43 0
-53 -15 46 0
68 -52 -21 0
42 -51 -3 0
-20 -22 63 0
-54 58 23 0
-58 -21 67 0
4 72 -17 0
-56 16 -30 0
-51 45 55 0
-20 58 -38 0
-7 72 -41 0
-47 46 56 0
-72 61 -46 0
-17 -12 -10 0
18 -38 -32 0
-29 -75 -9 0
-5 -64 -58 0
-32 -26 -34 0
47 -2 33 0
-3 -63 62 0
-3 -22 -65 0
39 -45 -33 0
42 -74 -71 0
-52 -50 -32 0
-39 26 -14 0
-60 -62 -65 0
47 -35 63 0
-62 -2 -26 0
27 -59 26 0
-27 -2 -14 0
-36 -27 -32 0
59 -71 39 0
56 -63 10 0
5 65 31 0
-40 37 49 0
-33 -25 -24 0
-35 -48 -57 0
-6 -10 -4 0
65 51 -18 0
12 -50 -23 0
29 -67 1 0
-14 -7 58 0
-67 50 -54 0
-56 41 37 0
14 19 56 0
-36 2 13 0
20 3 67 0
59 -30 -17 0
63 37 -56 0
2 74 -7 0
3 -42 -29 0
21 -73 33 0
42 -31 -34 0
46 33 -18 0
-62 -4 47 0
18 -39 19 0
39 15 -21 0
-10 -4 -28 0
-48 63 -59 0
55 -14 -10 0
10 -72 43 0
-61 -41 56 0
19 16 -17 0
13 66 -1 0
-34 74 -32 0
-42 21 -15 0
-2 -9 -35 0
-3 56 23 0
15 -6 -63 0
-15 12 -11 0
28 37 -44 0
47 -69 21 0
-58 69 -64 0
-25 -7 11 0
34 -44 -51 0
40 -12 -20 0
-3 7 17 0
-37 41 -74 0
29 -39 27 0
-69 -38 -59 0
-48 -65 57 0
-4 13 25 0
34 -67 -48 0
2 28 -63 0
54 4 65 0
59 42 49 0
-23 71 25 0
54 23 -30 0
68 -61 9 0
-12 11 18 0
-29 -36 -63 0
-49 -23 -7 0
68 -10 63 0
-47 -8 32 0
19 65 -54 0
4 75 22 0
-38 -63 15 0
50 74 -72 0
-48 -19 -34 0
31 -45 15 0
-8 72 37 0
-1 62 69 0
-28 26 -66 0
-40 63 15 0
70 -46 53 0
54 -47 -75 0
5 65 -63 0
68 70 -15 0
60 -17 -54 0
56 -65 -5 0
6 29 -8 0
53 34 3 0
41 63 18 0
17 -62 42 0
61 -39 -4 0
-27 31 13 0
75 -32 -14 0
-75 62 -67 0
-9 73 -4 0
-16 28 -4 0
-30 -57 -13 0
-37 63 25 0
60 65 29 0
59 68 53 0
9 -72 -41 0
-40 66 64 0
-57 -69 14 0
1 50 -42 0
-49 70 -20 0
68 72 35 0
-52 37 29 0
45 30 2 0
74 -16 -40 0
-17 -67 -38 0
58 55 19 0
47 -13 -15 0
-53 -52 -71 0
62 59 64 0
44 11 -63 0
-49 -62 45 0
23 -53 2 0
27 -10 62 0
-36 -7 29 0
54 -40 75 0
-19 70 -11 0
-64 -8 67 0
35 -3 58 0
38 59 -53 0
44 10 37 0
23 64 -61 0
72 -73 4 0
-55 -7 -4 0
35 -58 33 0
67 -69 -33 0
-69 -6 23 0
-42 1 31 0
36 34 45 0
71 -16 -31 0
-32 -50 -2 0
48 34 -74 0
-74 -31 -46 0
70 -44 -32 0
-12 -30 -31 0
39 -15 -31 0
-5 -8 -36 0
-37 -38 62 0
-5 48 -14 0
50 1 -19 0
66 70 -29 0
36 65 -53 0
51 49 12 0
-71 -55 46 0
-64 -28 -27 0
30 -22 -53 0
49 46 14 0
3 -48 68 0
-55 9 -52 0
-9 71 34 0
48 -66 -3 0
45 54 -3 0
-50 -29 -1 0
-31 24 -44 0
21 -66 49 0
35 -71 61 0
-30 -52 49 0
27 -65 -68 0
-31 -48 -24 0
69 29 -40 0
-45 22 -60 0
-65 70 55 0
-71 37 28 0
-6 -37 47 0
s UNSATISFIABLE
d decisions 73
