c Random 3-SAT instance
c alpha = 9.0, N = 75, L = 675, instance = 167
p cnf 75 675
74 -39 37 0
-12 61 47 0
-57 -3 32 0
43 -4 -31 0
-22 32 53 0
-11 58 -36 0
-27 -58 -64 0
35 15 -25 0
-47 14 -60 0
-12 29 -16 0
65 52 -28 0
-66 -38 70 0
33 -2 1 0
-26 13 -35 0
-69 2 -54 0
-5 -72 -15 0
46 59 -34 0
50 -51 34 0
6 72 -13 0
44 -72 -70 0
30 -73 -14 0
-23 39 -72 0
-56 61 -7 0
-1 4 -38 0
49 64 -22 0
-31 -37 61 0
67 41 5 0
-26 -48 -22 0
-18 -57 -12 0
23 34 -36 0
-43 6 -25 0
29 31 -57 0
-31 -15 -19 0
15 50 -2 0
-48 56 65 0
-44 -61 -14 0
-26 -12 -58 0
-49 -33 -5 0
56 9 40 0
23 24 55 0
11 -40 -4 0
-2 -26 67 0
44 42 -73 0
61 57 38 0
-6 32 65 0
-61 18 27 0
-2 36 65 0
-72 -17 29 0
15 10 -9 0
41 -36 48 0
-50 -5 55 0
-56 -66 21 0
-63 67 39 0
-55 -36 -73 0
53 -24 -51 0
67 -26 -43 0
-52 -34 -39 0
52 6 70 0
-67 33 -60 0
-31 30 24 0
4 6 -12 0
52 -40 65 0
19 -9 -36 0
3 72 -20 0
-67 72 58 0
-69 -29 72 0
-37 70 49 0
48 75 -44 0
-31 70 1 0
-74 59 6 0
-62 -56 -28 0
-48 63 -8 0
58 6 9 0
-44 39 23 0
30 -50 -34 0
30 29 4 0
-66 32 57 0
9 2 54 0
66 30 -23 0
-26 -21 -51 0
51 43 -64 0
-32 16 -28 0
11 -46 62 0
-64 6 -2 0
-36 -23 -16 0
24 -50 54 0
-44 -2 60 0
25 51 19 0
28 -7 -73 0
25 -21 44 0
-62 -14 -38 0
-53 -29 22 0
36 47 -41 0
34 65 -53 0
68 5 30 0
-55 -46 40 0
-7 -38 67 0
41 63 35 0
17 58 6 0
59 35 9 0
44 40 -10 0
32 -58 -47 0
68 37 -50 0
34 23 53 0
48 44 18 0
40 71 -57 0
-68 -55 42 0
-25 47 26 0
52 -11 -45 0
-52 -46 20 0
25 -71 44 0
-61 -11 42 0
9 -14 36 0
-73 -6 -48 0
-24 55 62 0
-12 8 46 0
-31 53 -51 0
17 4 -26 0
17 -42 -46 0
-67 -65 -51 0
-2 45 36 0
1 71 -22 0
-57 8 55 0
37 -52 -63 0
-10 43 47 0
29 43 49 0
-28 -71 -14 0
70 49 -8 0
17 15 -1 0
56 45 8 0
-71 -65 -8 0
-11 23 57 0
63 54 28 0
-47 -54 -62 0
-51 -11 64 0
52 30 -50 0
20 62 -5 0
28 57 67 0
3 6 11 0
65 59 -53 0
64 -46 -24 0
19 15 -33 0
23 33 39 0
-53 -22 -14 0
-39 49 -51 0
-49 -48 40 0
-9 -49 17 0
38 -25 -50 0
52 -39 -73 0
28 -50 -43 0
-41 -46 51 0
-5 -21 2 0
41 -62 -14 0
71 25 67 0
34 22 2 0
15 -9 17 0
-65 -75 15 0
26 -10 56 0
-15 -50 -51 0
-15 -54 -25 0
49 -56 54 0
-15 -49 4 0
66 51 42 0
58 45 -16 0
-42 45 6 0
-3 68 -63 0
-40 -18 26 0
-16 -17 20 0
-39 38 4 0
62 7 31 0
67 30 40 0
66 -51 69 0
-32 20 -16 0
16 -1 47 0
-48 54 66 0
12 -48 -6 0
-52 -24 -41 0
36 -34 39 0
35 6 38 0
-35 39 54 0
21 16 66 0
66 44 8 0
22 13 31 0
52 26 -64 0
29 4 -62 0
-6 47 41 0
-61 44 35 0
75 -31 -11 0
22 -36 48 0
4 22 26 0
75 17 39 0
46 -58 -4 0
31 60 50 0
-1 56 -47 0
-33 58 5 0
-47 50 53 0
4 15 -42 0
4 19 -67 0
-32 25 -73 0
-55 20 33 0
-36 -34 -61 0
-57 -40 17 0
-31 47 -15 0
23 5 46 0
17 -57 -34 0
-24 -36 10 0
-36 -73 -33 0
-25 -9 -17 0
52 -69 75 0
-56 37 70 0
-59 37 72 0
-64 -21 51 0
-48 -67 15 0
-70 24 -60 0
72 -10 -56 0
12 -73 -61 0
21 -34 60 0
61 -23 -30 0
3 -64 -21 0
-53 17 26 0
10 -60 -33 0
60 74 -19 0
11 70 -42 0
-32 62 -11 0
12 57 -26 0
72 30 70 0
-26 41 46 0
-39 -43 68 0
-49 75 57 0
-16 -3 -6 0
-36 -49 -66 0
-29 46 -57 0
26 -69 -70 0
75 -32 -26 0
3 54 25 0
-63 -30 48 0
68 -54 -41 0
-30 48 13 0
-27 64 25 0
56 8 -30 0
-20 -71 29 0
11 37 -9 0
-71 31 -16 0
-18 -23 67 0
31 36 53 0
-12 -75 -59 0
47 17 -49 0
8 38 -24 0
42 -10 -63 0
-20 64 67 0
-50 -33 19 0
-8 56 -54 0
-41 18 -34 0
24 -11 16 0
-34 -64 -52 0
53 -40 -24 0
-75 -62 -50 0
59 -67 63 0
69 29 -19 0
-66 -43 -10 0
54 -55 53 0
-29 47 28 0
23 14 -36 0
30 54 -33 0
-43 3 74 0
68 58 20 0
-4 51 45 0
-34 -16 -4 0
21 64 -71 0
-11 45 -73 0
-73 -72 -35 0
37 64 66 0
-25 -24 20 0
27 -6 20 0
-52 -62 34 0
-55 -36 -59 0
-11 20 -71 0
57 59 35 0
-41 1 51 0
-61 48 -60 0
60 -15 68 0
60 -37 -25 0
-3 -60 21 0
40 -4 -47 0
3 -13 42 0
42 37 22 0
25 24 -4 0
71 20 15 0
48 51 68 0
52 37 -32 0
14 -37 -45 0
-29 -7 60 0
-11 21 50 0
6 -35 -66 0
-16 -15 -47 0
39 3 11 0
11 10 -18 0
74 -51 -8 0
-19 40 66 0
11 40 18 0
-43 -10 -12 0
-64 60 -16 0
66 -55 50 0
-15 11 22 0
11 -51 19 0
-32 -62 -29 0
41 60 -3 0
64 -7 69 0
-7 12 52 0
34 61 4 0
53 -73 65 0
16 -19 -32 0
-68 16 33 0
-4 11 -28 0
-73 64 -74 0
56 22 -66 0
-64 -17 25 0
-51 -74 -68 0
-2 -49 23 0
31 53 -21 0
-48 -30 -7 0
16 71 -4 0
13 69 29 0
42 23 -49 0
-59 7 40 0
15 -35 44 0
45 -35 -50 0
55 -47 20 0
-46 -49 15 0
22 -15 17 0
-17 22 -1 0
44 46 -47 0
32 74 -31 0
58 -66 -22 0
-34 61 27 0
-59 -65 -16 0
-61 -2 23 0
52 24 7 0
32 22 -35 0
-1 -30 -56 0
26 -24 -31 0
45 69 55 0
60 36 10 0
-8 -65 67 0
-57 -27 -49 0
40 11 57 0
26 -4 -52 0
30 50 67 0
-43 59 4 0
-16 45 6 0
16 -68 56 0
21 13 29 0
35 -66 -52 0
34 -17 8 0
-38 -23 67 0
63 -15 13 0
24 -42 -59 0
69 -8 -42 0
-36 -7 33 0
-1 33 -30 0
60 70 -48 0
30 50 39 0
-74 60 -7 0
-44 59 67 0
53 -41 -27 0
18 -16 -1 0
59 -30 -49 0
-60 23 -32 0
15 -53 64 0
29 -11 35 0
42 8 10 0
-60 72 -63 0
-47 73 -66 0
-29 48 33 0
-18 3 53 0
21 23 -69 0
63 51 -24 0
21 34 -35 0
64 1 -2 0
21 -48 -61 0
-32 -60 -65 0
57 -74 -50 0
17 -26 -15 0
36 -10 48 0
-59 9 8 0
4 -73 23 0
35 1 -8 0
9 61 -27 0
-73 -28 58 0
74 -42 -38 0
34 6 71 0
23 -19 -6 0
-64 43 -14 0
22 -71 -3 0
64 43 -75 0
3 50 -31 0
-54 -61 -19 0
-75 -18 -61 0
-2 1 -9 0
-11 48 -42 0
52 14 -1 0
15 74 2 0
53 -71 -73 0
-32 -59 -51 0
4 -45 -37 0
26 -28 -12 0
53 47 -20 0
-73 -66 -11 0
52 -26 74 0
55 -35 58 0
48 -36 -64 0
1 34 23 0
59 -45 -1 0
-47 11 -48 0
-5 29 -49 0
69 61 14 0
2 63 -46 0
-32 46 58 0
-52 -25 -53 0
43 -25 11 0
-56 -18 66 0
32 -44 7 0
-47 35 -31 0
-47 -28 -71 0
-21 -67 25 0
40 75 -26 0
3 -10 -40 0
-4 49 25 0
-14 56 -43 0
4 -2 -35 0
65 -23 -74 0
-11 -33 21 0
-44 -16 59 0
73 -64 44 0
-28 11 -12 0
-6 -72 51 0
-72 15 24 0
5 -22 -73 0
63 16 -48 0
-59 31 -30 0
62 53 -32 0
51 40 -28 0
21 43 -62 0
-51 -1 44 0
-37 49 53 0
65 39 74 0
-37 43 -69 0
4 12 -72 0
55 69 10 0
75 41 -70 0
-7 74 8 0
75 55 28 0
-45 -7 34 0
-49 40 -9 0
10 -51 55 0
-28 -2 -29 0
16 -36 22 0
-61 -7 44 0
22 40 -51 0
43 62 -26 0
-59 41 38 0
-58 34 47 0
64 1 -19 0
10 46 -58 0
61 44 -12 0
18 43 -9 0
35 67 -46 0
-30 31 -24 0
-36 -11 44 0
-28 16 -23 0
38 -12 -48 0
-36 -37 62 0
-57 -13 -15 0
41 46 63 0
32 -42 -5 0
72 71 -4 0
-64 -5 -47 0
51 -31 71 0
-71 50 -4 0
24 -49 56 0
6 -34 32 0
8 -38 14 0
-61 -51 33 0
-25 1 -13 0
39 46 -71 0
-48 22 61 0
11 43 21 0
-5 -11 -29 0
68 1 8 0
-8 74 -37 0
-21 -72 51 0
56 25 19 0
-31 1 46 0
-32 -33 -8 0
-25 24 -10 0
48 -10 -20 0
-60 71 28 0
75 15 -11 0
-35 -63 -58 0
41 -66 -9 0
57 -66 -7 0
39 1 -54 0
-5 7 59 0
-2 -18 37 0
14 -36 -72 0
-39 49 75 0
48 71 6 0
-42 38 -8 0
-27 -18 9 0
-52 -50 36 0
51 -41 -54 0
22 40 9 0
29 -56 34 0
44 27 5 0
55 37 -69 0
30 -15 2 0
-63 52 26 0
3 -24 -47 0
50 -57 41 0
-7 12 52 0
64 14 59 0
42 -43 66 0
62 11 -44 0
-53 8 -23 0
-44 -9 -54 0
-36 13 55 0
72 -7 -71 0
-74 16 -60 0
-31 -59 -10 0
-39 64 36 0
-71 -75 58 0
18 -70 -2 0
58 -41 36 0
38 -24 -4 0
-33 30 -17 0
75 19 -9 0
10 -44 -42 0
-12 48 -26 0
-5 -75 -54 0
-15 27 53 0
-33 17 46 0
-43 4 40 0
-34 32 17 0
-43 -38 -64 0
-68 -31 34 0
-6 5 -52 0
14 -49 70 0
60 -51 -12 0
38 -19 -75 0
39 -50 24 0
-45 -24 -35 0
68 -58 62 0
-68 58 -52 0
-22 -14 -41 0
3 -11 -14 0
39 -25 -38 0
-74 -1 70 0
39 7 66 0
-17 -59 -72 0
-47 -14 -29 0
12 -47 25 0
-33 48 59 0
-5 -38 52 0
-69 64 -30 0
-48 -71 -40 0
11 -31 55 0
-10 -37 74 0
75 -54 -8 0
-14 -18 -11 0
21 53 25 0
3 -41 43 0
-34 -60 -21 0
67 -22 29 0
10 -37 -74 0
46 10 62 0
48 25 29 0
-28 -53 -29 0
22 67 52 0
30 -61 -29 0
49 14 6 0
52 23 24 0
1 -26 -5 0
31 -72 20 0
38 15 7 0
-22 -53 -71 0
-41 70 -29 0
56 -41 27 0
-29 25 -19 0
-29 18 -55 0
5 20 51 0
-67 -56 -64 0
-63 -5 20 0
-23 5 41 0
57 9 -63 0
63 66 70 0
-16 25 -17 0
-58 14 74 0
54 51 57 0
56 11 -63 0
56 -36 -10 0
-46 30 59 0
-21 -40 -59 0
-43 -69 49 0
-28 57 -44 0
11 59 -12 0
30 31 34 0
-70 38 62 0
-67 8 2 0
-57 -71 -8 0
4 -48 -49 0
-11 75 -68 0
-40 59 69 0
-30 -32 69 0
7 -49 -10 0
57 3 54 0
-15 27 5 0
-5 45 51 0
-47 48 54 0
-31 11 -13 0
32 18 -27 0
43 74 -12 0
9 -68 -32 0
-69 -8 -7 0
-54 -60 52 0
-41 20 48 0
38 -53 -23 0
-4 18 -8 0
-25 -50 -18 0
4 -26 66 0
-1 68 49 0
25 -59 -12 0
-47 -65 4 0
-32 36 72 0
-46 53 69 0
49 10 -46 0
61 -68 16 0
1 -44 57 0
25 4 -7 0
-59 -34 -7 0
-18 13 1 0
-70 -61 -31 0
-7 -25 -39 0
72 45 -15 0
71 53 -58 0
51 14 30 0
-30 -27 -12 0
-60 68 45 0
-56 16 22 0
-73 -15 -55 0
-3 36 -42 0
-74 -57 -55 0
-53 -45 2 0
19 -37 39 0
19 -39 -18 0
12 -43 73 0
5 -65 -39 0
-8 71 51 0
-41 20 -43 0
-65 -64 21 0
49 -44 51 0
59 5 20 0
22 -64 74 0
30 36 -61 0
65 35 60 0
11 25 -29 0
59 -15 54 0
-51 -7 25 0
8 37 -7 0
-29 20 28 0
-6 -16 -70 0
5 -36 -20 0
44 -29 -74 0
33 -52 3 0
65 43 24 0
11 -57 -56 0
s UNSATISFIABLE
d decisions 39
