c Random 3-SAT instance
c alpha = 7.5, N = 75, L = 562, instance = 225
p cnf 75 562
54 -26 -31 0
-24 -57 -33 0
-54 39 10 0
-46 31 -66 0
-15 -4 71 0
41 48 -38 0
35 54 60 0
-73 55 -48 0
41 28 63 0
3 -39 -72 0
68 26 19 0
-23 -21 14 0
-28 -22 -11 0
-9 -51 66 0
-67 53 -30 0
71 -53 -36 0
49 -37 -35 0
-26 -29 -57 0
-38 51 -12 0
-36 -34 -8 0
72 62 -70 0
18 43 -60 0
30 -32 69 0
12 58 -5 0
44 -51 -57 0
6 16 58 0
-70 -3 43 0
-17 -60 -69 0
-59 67 44 0
-40 -30 -22 0
-60 -48 8 0
-15 -44 55 0
-14 -36 -7 0
-68 73 -51 0
10 32 -67 0
-63 -20 10 0
-64 -14 71 0
-74 -18 63 0
30 -13 -1 0
-68 -35 -64 0
69 -40 75 0
-40 6 38 0
58 46 -17 0
-18 70 29 0
7 -32 15 0
26 45 71 0
43 30 60 0
40 -9 30 0
-30 22 -28 0
52 16 -70 0
68 -56 -1 0
54 -71 7 0
25 42 11 0
-63 62 4 0
-1 -50 -38 0
14 63 56 0
54 -47 48 0
59 49 61 0
-39 -31 55 0
5 -37 -3 0
10 2 74 0
-22 12 33 0
-8 -29 -3 0
-57 -27 -75 0
-29 28 32 0
16 66 56 0
30 33 -9 0
26 -50 -13 0
-47 -55 21 0
-64 18 -55 0
38 58 -55 0
-17 62 45 0
-41 50 56 0
-41 -67 -49 0
45 -4 49 0
-46 -21 -14 0
9 62 -50 0
36 -45 11 0
64 -26 40 0
-18 45 -49 0
67 49 -63 0
-31 71 -8 0
-45 -30 -27 0
1 -24 -34 0
-19 -59 -43 0
-65 -63 -38 0
-66 39 73 0
60 -30 -53 0
-44 -5 1 0
48 31 -74 0
-34 -7 69 0
-60 -6 63 0
-21 50 -25 0
-6 54 69 0
30 23 -62 0
-3 33 -52 0
-53 -15 20 0
-42 26 -23 0
-16 -65 35 0
27 -31 2 0
-50 -52 53 0
46 24 32 0
-45 -26 14 0
69 42 34 0
62 10 16 0
-52 6 -5 0
-45 55 18 0
39 6 44 0
16 45 71 0
-47 -4 -9 0
6 -7 -14 0
75 -42 50 0
-22 68 6 0
-7 25 -33 0
14 71 15 0
-50 52 -51 0
-34 -1 26 0
-73 -32 -69 0
-15 -56 -48 0
24 -9 64 0
64 31 70 0
-53 -54 44 0
-1 66 41 0
11 69 74 0
-62 -38 53 0
37 3 21 0
-12 -69 41 0
-11 -71 38 0
9 -74 -67 0
-61 33 -18 0
63 62 -8 0
48 2 71 0
70 68 -32 0
-25 12 18 0
4 54 22 0
36 11 35 0
24 -71 -3 0
51 -24 -56 0
5 26 -52 0
-39 -34 -43 0
35 21 -41 0
-27 -42 -7 0
10 -17 31 0
-45 -3 -42 0
-44 -13 -33 0
-72 21 48 0
-21 -30 -1 0
-66 61 50 0
5 -3 46 0
-71 -43 60 0
-15 38 -42 0
-65 22 44 0
-35 13 -46 0
14 47 61 0
-10 32 -7 0
72 -33 39 0
-30 55 -72 0
-52 5 -8 0
-56 -66 69 0
15 38 73 0
12 11 -26 0
61 -46 65 0
-39 41 -47 0
-52 -74 -72 0
12 -42 -54 0
-50 55 10 0
25 59 -12 0
-46 -55 -20 0
-24 -7 23 0
54 -17 -56 0
-25 -72 -37 0
9 -58 -5 0
-45 20 -23 0
48 49 23 0
-2 69 55 0
75 -59 68 0
53 -3 -7 0
42 66 -32 0
12 22 -69 0
-49 -72 -13 0
43 39 20 0
33 -52 -47 0
38 -64 -56 0
20 4 67 0
58 50 39 0
50 21 -8 0
49 -10 11 0
9 -25 19 0
-21 43 -70 0
58 23 -37 0
48 23 17 0
18 -31 5 0
38 -20 12 0
47 -58 74 0
-6 26 -33 0
19 -22 -63 0
40 41 -17 0
-12 48 -8 0
-37 -24 -49 0
58 -18 -4 0
-20 -59 -6 0
32 16 -43 0
26 32 -73 0
-39 32 -35 0
-46 43 -29 0
-30 16 -36 0
60 -33 -64 0
-10 -63 40 0
-75 50 -56 0
19 12 -10 0
4 -9 41 0
5 -24 -54 0
-12 3 -31 0
48 31 -28 0
18 34 -69 0
-17 -53 -21 0
57 -32 -72 0
71 -35 -14 0
-74 -32 69 0
-61 52 70 0
-52 -25 68 0
-63 39 34 0
-45 22 -70 0
47 30 7 0
-39 -45 35 0
-44 9 -75 0
-67 -45 -38 0
-67 -3 56 0
-58 54 7 0
35 -55 -40 0
-31 -20 16 0
14 -67 28 0
20 44 -45 0
74 4 27 0
25 -57 4 0
-37 50 -58 0
11 -31 -44 0
38 -24 56 0
51 4 -20 0
-1 39 68 0
-57 4 -66 0
67 -34 40 0
51 -74 2 0
-24 -73 14 0
4 71 -47 0
64 -56 52 0
23 45 -26 0
-13 -31 -61 0
52 -31 -4 0
2 61 -63 0
61 15 -47 0
-41 6 -25 0
29 52 14 0
62 -2 22 0
-2 30 -50 0
-16 74 -72 0
-40 -32 27 0
75 -55 7 0
50 46 -25 0
66 -75 24 0
-39 34 -31 0
52 -20 -51 0
-58 2 -27 0
-58 30 68 0
62 -52 -72 0
-20 49 29 0
-41 -9 48 0
-11 34 -57 0
-43 46 33 0
-45 -32 -2 0
-63 -23 34 0
-17 29 31 0
19 -74 48 0
-48 -67 24 0
9 -41 -64 0
46 -33 -23 0
31 -36 -66 0
-39 35 -69 0
58 -56 -49 0
37 15 -4 0
74 -65 41 0
18 -4 -7 0
-17 -52 -1 0
-21 -33 67 0
51 22 -57 0
-21 -74 -3 0
-9 73 46 0
-68 -50 -18 0
-37 22 -48 0
22 -18 -19 0
55 -75 -32 0
29 -41 8 0
-23 75 -33 0
35 -64 36 0
41 34 59 0
-64 -13 34 0
35 6 63 0
75 -4 13 0
46 11 -63 0
-3 57 51 0
64 -42 48 0
71 -10 -72 0
53 13 22 0
19 -31 -46 0
54 -41 -20 0
6 47 31 0
-28 -45 -29 0
-64 -22 47 0
-3 -58 -23 0
71 -21 67 0
-15 -1 -54 0
-33 63 8 0
-11 43 48 0
73 -20 55 0
-70 -12 2 0
-55 -22 -50 0
-37 -41 29 0
-28 34 69 0
-11 -10 -57 0
-17 56 12 0
-63 -50 -6 0
71 -40 -21 0
-73 10 -52 0
-18 -64 5 0
52 -68 -6 0
16 43 -50 0
-16 31 -69 0
-55 34 -42 0
-32 -4 15 0
-15 31 -18 0
14 72 -17 0
-49 46 -41 0
45 -23 53 0
-32 10 14 0
-7 -73 -60 0
-6 54 27 0
67 60 -1 0
-45 6 68 0
43 -65 54 0
-65 -45 -7 0
23 -12 15 0
65 -25 -54 0
63 19 13 0
60 5 -48 0
-74 -58 35 0
-71 -28 -21 0
59 -68 18 0
31 29 21 0
-21 70 -72 0
-63 -41 -5 0
38 -17 58 0
17 -26 9 0
-70 23 32 0
-38 -66 6 0
-27 -12 -25 0
14 -60 -72 0
-27 54 -12 0
70 13 -12 0
62 51 37 0
-24 14 -51 0
3 -20 -24 0
38 20 66 0
2 15 -70 0
46 58 -51 0
-69 -4 -67 0
56 -58 -42 0
-23 -1 2 0
18 1 -60 0
-68 -70 73 0
29 -68 62 0
75 -65 54 0
72 -28 34 0
-31 44 11 0
28 -63 -56 0
-5 -41 9 0
41 57 -40 0
40 -62 37 0
-22 -38 70 0
-1 -71 73 0
36 10 -3 0
45 33 52 0
-18 11 -46 0
52 56 -8 0
-26 42 15 0
-56 -59 -73 0
48 -13 74 0
-34 -1 -56 0
-6 -4 -21 0
-21 51 40 0
21 -24 17 0
23 31 50 0
71 -49 70 0
-68 -63 30 0
-21 -30 -23 0
4 -11 -21 0
-66 69 -29 0
-36 -60 16 0
65 -27 -35 0
75 23 24 0
-7 3 20 0
-74 -69 -8 0
6 26 27 0
55 -8 -54 0
4 73 -7 0
37 -48 -3 0
6 64 -45 0
-33 60 7 0
-37 19 -6 0
-51 1 -53 0
59 74 51 0
32 12 -11 0
70 56 9 0
-52 -4 -71 0
10 -54 21 0
-74 3 28 0
50 44 27 0
-4 -5 40 0
60 46 -72 0
-36 11 -44 0
37 -26 -70 0
42 -53 -5 0
64 -72 45 0
1 27 -74 0
68 52 44 0
66 44 71 0
-9 52 -14 0
-27 -16 -34 0
-17 53 16 0
72 -27 36 0
-19 -25 -41 0
-32 -23 31 0
-12 59 -13 0
66 5 -53 0
-18 64 -35 0
48 35 -50 0
-8 57 28 0
74 -2 -46 0
-60 58 -34 0
-50 45 -69 0
74 -19 -59 0
30 75 44 0
-21 -6 -14 0
30 -29 51 0
48 34 -20 0
47 -20 -70 0
-22 -2 -14 0
75 -3 69 0
50 1 -32 0
-52 11 -67 0
-45 58 -65 0
2 69 -52 0
29 -34 68 0
2 -7 -57 0
22 44 -6 0
-42 -27 15 0
-3 69 -2 0
2 -27 6 0
-62 58 -22 0
3 -49 53 0
65 -18 -54 0
20 36 -57 0
-65 -8 3 0
27 -57 28 0
30 -40 45 0
-24 62 50 0
-42 55 8 0
45 73 36 0
1 62 -59 0
-46 8 59 0
-42 53 24 0
57 -18 -54 0
-30 -69 -3 0
16 51 -30 0
63 29 -9 0
-63 60 -49 0
-22 37 55 0
-19 46 -68 0
-50 67 9 0
43 14 -45 0
25 -26 53 0
-3 -49 47 0
15 57 -69 0
15 63 -42 0
63 24 -59 0
-6 -11 41 0
6 -35 66 0
-31 61 -19 0
14 -60 -70 0
54 50 -25 0
-51 34 -22 0
-55 -12 56 0
73 49 39 0
-16 8 -13 0
13 -24 51 0
-6 -55 -7 0
9 -61 46 0
-58 53 11 0
-47 36 53 0
-67 60 38 0
-51 -28 12 0
-49 -37 72 0
-42 55 40 0
-2 -9 71 0
-48 57 14 0
-33 15 -46 0
-59 12 -24 0
3 -53 -65 0
32 -30 -23 0
33 42 70 0
56 27 -54 0
-20 -69 -75 0
19 35 -66 0
-18 -45 -53 0
-5 -37 -68 0
-47 -38 -23 0
-58 62 45 0
7 -30 20 0
68 33 -61 0
14 49 -41 0
33 26 55 0
-60 -20 -2 0
-37 -61 -43 0
-32 -62 -64 0
-51 -34 54 0
31 63 19 0
31 51 38 0
-61 44 -69 0
-44 71 45 0
-17 12 37 0
-69 18 -36 0
-18 -69 -41 0
-62 -16 -74 0
8 44 26 0
-58 41 31 0
-33 36 -11 0
39 1 48 0
-41 -57 -37 0
11 9 -34 0
47 39 27 0
-18 70 16 0
44 -14 -58 0
33 9 21 0
-27 59 36 0
20 -55 -22 0
29 66 -33 0
47 -66 -37 0
42 5 -39 0
55 22 -69 0
-25 -66 -42 0
-34 38 -65 0
-55 -75 69 0
49 -37 -17 0
18 21 -4 0
30 47 -18 0
5 -64 52 0
55 30 -39 0
46 -40 15 0
-14 -61 72 0
6 23 -61 0
-8 -10 13 0
51 -69 30 0
42 -30 1 0
s UNSATISFIABLE
d decisions 60
