c Random 3-SAT instance
c alpha = 6.0, N = 75, L = 450, instance = 6
p cnf 75 450
32 -10 63 0
29 9 74 0
-52 22 17 0
-50 -40 17 0
70 -13 -29 0
68 10 -60 0
20 72 9 0
55 50 -18 0
-38 -58 -73 0
75 -52 -13 0
-36 3 -50 0
-50 25 46 0
12 -22 41 0
69 18 -19 0
-13 40 -7 0
63 -65 12 0
2 -32 17 0
-42 41 -39 0
-33 43 13 0
9 -40 -50 0
-13 42 -61 0
52 66 -68 0
5 -65 -19 0
24 -2 -3 0
16 -34 -36 0
11 61 23 0
-65 -8 27 0
-10 23 -60 0
-62 -68 63 0
-30 65 32 0
45 -63 -8 0
13 -21 36 0
-33 -27 -69 0
-36 29 -1 0
-32 -47 50 0
14 -21 -19 0
63 -68 9 0
13 -52 49 0
-22 -1 40 0
40 43 75 0
-18 -58 44 0
-20 -35 -12 0
-7 34 20 0
-39 59 -32 0
34 -40 -33 0
46 -23 55 0
5 -11 -42 0
16 23 -24 0
-34 57 13 0
-15 46 53 0
24 48 -38 0
23 28 -17 0
13 46 -25 0
-18 38 8 0
7 48 -66 0
-8 15 69 0
68 -24 42 0
-42 -68 2 0
63 9 -52 0
-47 22 -29 0
71 -16 43 0
51 -3 -74 0
56 2 69 0
-69 -36 -32 0
53 8 -70 0
-17 -6 66 0
-28 -56 -69 0
31 -35 -43 0
-3 14 -5 0
-5 -25 -30 0
42 31 -61 0
9 -54 18 0
-57 5 75 0
15 -10 43 0
-8 74 -52 0
-19 -2 -39 0
-30 66 18 0
-26 -61 21 0
-51 48 -58 0
-12 -24 6 0
-33 -65 17 0
3 66 28 0
52 25 63 0
15 -12 -59 0
-9 35 75 0
75 -21 -72 0
-31 39 50 0
45 -31 -29 0
14 73 49 0
6 54 38 0
24 60 -53 0
-29 -2 -18 0
-22 71 19 0
61 52 53 0
-67 -63 -72 0
61 -70 -10 0
-70 -58 12 0
67 43 -26 0
46 26 -21 0
-38 32 -28 0
-62 -20 -7 0
-7 -59 49 0
4 32 58 0
69 13 -41 0
-32 -5 22 0
38 68 69 0
56 72 7 0
69 5 71 0
6 -24 -71 0
21 46 60 0
15 21 32 0
37 -35 -53 0
-20 -54 -23 0
42 -3 -24 0
-5 52 30 0
-39 -43 17 0
-8 13 22 0
26 -11 53 0
-40 32 59 0
-50 34 -7 0
-26 -36 -40 0
-57 5 -68 0
-9 -72 21 0
70 52 37 0
-37 7 69 0
-9 29 -36 0
-14 70 -73 0
46 -63 71 0
53 54 -13 0
-12 -4 -9 0
-27 -69 31 0
50 11 -66 0
-32 62 -12 0
57 -58 -19 0
-71 -73 21 0
-18 20 -51 0
62 23 -34 0
-53 -57 37 0
40 49 -75 0
60 -70 17 0
14 32 -27 0
52 22 -58 0
48 -21 39 0
59 72 -32 0
-24 20 -23 0
63 33 -34 0
26 -24 -5 0
63 -45 6 0
-16 62 8 0
7 52 70 0
-58 25 40 0
23 67 63 0
68 -65 55 0
-43 -41 -28 0
50 57 22 0
20 -70 -2 0
20 71 3 0
56 -31 -34 0
-59 -65 18 0
-14 -75 -3 0
66 -54 70 0
-4 -43 -56 0
-55 -4 6 0
40 -53 74 0
5 -18 37 0
-54 -40 39 0
24 48 -68 0
59 75 -54 0
-9 66 47 0
-18 23 -25 0
-52 -19 -9 0
-71 -59 -3 0
-34 52 -18 0
-38 52 37 0
1 -26 -30 0
-64 4 19 0
52 -46 -9 0
29 45 48 0
66 32 -5 0
-49 -39 73 0
-61 58 -48 0
70 -43 -21 0
33 30 15 0
-49 -38 8 0
51 -58 26 0
-31 -35 47 0
41 -44 -67 0
31 45 -75 0
-45 -29 53 0
17 -40 -51 0
-47 -23 15 0
16 -70 -56 0
75 21 -10 0
-24 -53 65 0
47 5 -26 0
40 -20 -66 0
-59 4 -15 0
67 -32 -55 0
32 12 18 0
-32 30 -42 0
-12 69 50 0
-23 69 65 0
-54 69 -70 0
70 -53 51 0
-25 31 19 0
-21 73 -8 0
52 56 -70 0
-27 -55 -39 0
-50 -66 47 0
-73 -41 43 0
-70 50 -63 0
68 -35 70 0
73 -71 64 0
74 36 -34 0
-59 64 -12 0
-40 -65 -45 0
-62 39 -2 0
75 1 -24 0
38 -53 41 0
42 -28 40 0
57 6 -8 0
-51 -53 -74 0
-75 8 -61 0
64 72 30 0
-59 -27 68 0
-34 -75 41 0
72 -73 41 0
7 -35 17 0
-29 19 -1 0
38 34 -57 0
-39 62 -3 0
-75 70 65 0
-41 3 66 0
68 -40 -34 0
22 58 18 0
-17 -48 -73 0
-46 57 7 0
-66 -30 -25 0
-67 24 10 0
-63 47 -25 0
-46 -11 36 0
23 -14 65 0
43 59 -26 0
-18 17 -63 0
-12 -68 -8 0
-3 -16 4 0
-17 -3 -27 0
41 55 8 0
-44 -47 10 0
49 63 11 0
43 -58 54 0
-73 4 74 0
6 -41 9 0
-73 -6 32 0
-75 -25 -14 0
-32 -71 34 0
28 32 -11 0
-12 -61 -38 0
23 -17 3 0
-6 67 -65 0
-29 -52 67 0
34 -16 20 0
-24 -11 57 0
74 -40 3 0
-72 -58 9 0
-14 -36 -16 0
26 19 -28 0
-14 -17 -24 0
-26 -64 38 0
42 18 -54 0
4 12 -73 0
-15 -3 -66 0
71 -6 28 0
-18 -56 -6 0
55 -1 11 0
2 18 21 0
-60 67 -71 0
55 4 67 0
-38 11 -60 0
-59 -45 -4 0
42 47 -17 0
35 51 56 0
-32 -60 -4 0
6 -17 -2 0
-48 31 35 0
-59 -71 35 0
29 -17 35 0
39 -36 -62 0
-41 -60 29 0
12 65 -11 0
-10 -75 -16 0
-34 -42 7 0
-20 71 67 0
-15 -30 -64 0
64 -36 54 0
-16 -51 -48 0
-11 -44 -2 0
-66 71 -53 0
-41 18 48 0
12 -9 -74 0
44 46 -70 0
-74 -58 -26 0
-40 41 -6 0
-25 -43 14 0
-20 34 27 0
59 19 -36 0
7 12 -42 0
-60 -62 54 0
49 27 18 0
-63 -18 54 0
1 46 32 0
31 -17 -9 0
66 -18 61 0
-67 37 -56 0
26 -40 62 0
-68 -39 37 0
-64 -9 -10 0
-22 60 -23 0
-53 -65 -31 0
-58 50 3 0
26 46 -72 0
-66 56 6 0
10 8 -31 0
20 -29 10 0
-9 5 34 0
-19 -75 4 0
-40 -57 53 0
29 43 42 0
65 -54 -34 0
14 17 7 0
-51 -62 4 0
-55 -64 70 0
21 6 -75 0
-33 -3 -60 0
-60 5 -30 0
-38 19 11 0
43 -6 -63 0
66 -5 7 0
-17 -25 14 0
-27 -20 53 0
69 10 34 0
9 -15 52 0
-75 -23 46 0
41 58 20 0
-21 42 29 0
-2 -73 39 0
-59 75 -46 0
45 -27 11 0
71 32 56 0
-63 -29 -56 0
51 72 -3 0
-57 -58 -49 0
14 -50 -47 0
-36 -35 -65 0
29 -38 8 0
47 36 40 0
34 -18 59 0
-26 10 2 0
44 2 -40 0
2 46 19 0
-48 -57 -26 0
49 -54 27 0
-54 29 10 0
-38 35 -29 0
61 -11 35 0
-31 7 23 0
5 68 50 0
-58 -8 -46 0
-61 -68 58 0
-26 -44 23 0
44 -70 33 0
75 15 59 0
-9 36 -6 0
-12 -60 4 0
51 -18 -38 0
-37 55 36 0
-74 6 24 0
-43 37 56 0
41 -29 66 0
-53 2 74 0
-8 11 74 0
-43 -62 48 0
-67 16 -37 0
53 36 -29 0
-64 38 46 0
20 -12 42 0
50 30 -49 0
35 -50 -72 0
61 -60 3 0
-44 -63 50 0
-58 47 -26 0
43 34 -6 0
62 37 31 0
63 25 66 0
-69 23 -29 0
-62 -54 13 0
-59 31 -30 0
-51 -18 -46 0
52 -3 37 0
2 -35 -40 0
-1 58 -4 0
3 -51 67 0
-12 -63 -71 0
17 5 -66 0
67 -41 1 0
-25 -55 -5 0
-11 27 60 0
-16 -9 -39 0
43 44 -52 0
-42 -56 -6 0
-61 -12 -56 0
38 16 26 0
61 17 68 0
22 -50 -15 0
5 47 -75 0
51 -61 37 0
-5 -52 -63 0
-56 12 -66 0
-63 51 -66 0
72 9 -29 0
-24 46 63 0
-58 -12 75 0
62 27 55 0
-20 73 -39 0
-13 34 -73 0
-54 68 50 0
58 -65 -19 0
-58 30 -34 0
-67 -3 4 0
42 -50 -25 0
-7 -55 23 0
-71 -63 1 0
-38 -29 20 0
-41 60 74 0
-34 39 18 0
-14 -26 19 0
13 -4 45 0
-60 -41 62 0
50 -63 -73 0
29 -15 -60 0
-69 18 -13 0
-5 -41 -55 0
-67 -6 43 0
38 -46 -18 0
-47 57 -55 0
-20 -47 46 0
-72 65 64 0
-60 46 1 0
-57 27 -17 0
-8 21 73 0
s UNSATISFIABLE
d decisions 66
