c Random 3-SAT instance
c alpha = 7.0, N = 75, L = 525, instance = 169
p cnf 75 525
50 18 -44 0
-34 62 -22 0
17 -21 -22 0
69 17 -1 0
-8 -52 70 0
-22 -8 23 0
31 -59 -58 0
-43 10 55 0
62 55 18 0
-64 25 28 0
21 25 -30 0
14 -4 8 0
-14 -32 -67 0
63 20 -62 0
-63 -52 39 0
4 -67 65 0
57 43 -5 0
-10 -22 -4 0
-72 -18 -25 0
34 -46 -12 0
4 -57 -58 0
-38 39 -68 0
-39 -71 55 0
21 52 -3 0
23 6 -51 0
-67 23 -58 0
37 49 31 0
66 -26 42 0
-73 -47 -68 0
42 8 49 0
-56 -6 -22 0
18 -29 4 0
-18 60 58 0
-51 37 73 0
67 8 57 0
-46 20 -48 0
-27 4 45 0
35 -21 66 0
34 55 59 0
14 -67 53 0
-64 -21 -68 0
32 -66 17 0
-13 -36 73 0
40 33 52 0
-45 30 55 0
-31 -25 -13 0
71 16 -53 0
33 39 58 0
73 -24 -56 0
-4 44 -68 0
3 -61 39 0
38 10 -75 0
-22 -58 -29 0
66 62 -67 0
-48 -36 22 0
4 -43 44 0
18 -47 -43 0
5 -25 68 0
41 -33 -35 0
15 61 -45 0
-4 -60 55 0
7 19 -61 0
69 -71 -43 0
59 -29 69 0
-8 -14 -9 0
-62 63 -64 0
55 -19 57 0
32 72 -31 0
27 -64 62 0
-48 -11 -17 0
35 30 38 0
-54 38 -26 0
49 -31 62 0
29 68 -62 0
24 9 -1 0
-17 -75 6 0
61 39 -20 0
-14 -67 -33 0
-31 47 -3 0
15 -35 25 0
3 2 65 0
12 -1 33 0
73 -11 24 0
53 -13 -12 0
26 -13 -55 0
3 -16 34 0
49 -36 46 0
48 -13 -73 0
-61 -8 74 0
48 41 24 0
29 -74 -47 0
44 -58 41 0
19 8 -67 0
48 34 -30 0
-48 -60 17 0
-70 -7 -23 0
60 31 -35 0
-22 51 26 0
47 32 39 0
22 -12 -30 0
-61 4 69 0
-49 15 -63 0
-48 -31 56 0
-20 -41 11 0
64 41 -57 0
-75 -61 33 0
-52 71 30 0
-48 -1 14 0
1 -50 44 0
-17 60 -32 0
72 68 6 0
-38 -43 4 0
61 71 -45 0
30 29 58 0
-2 -12 -37 0
-22 12 -20 0
71 64 -67 0
-46 -27 -71 0
47 -2 70 0
-67 53 -28 0
53 -25 33 0
28 -75 -15 0
45 50 -37 0
-34 -3 64 0
49 37 9 0
58 -28 -15 0
-33 70 -45 0
-41 30 75 0
-66 -45 31 0
2 -75 61 0
58 2 -4 0
-46 56 51 0
18 -74 10 0
-40 -11 58 0
-67 -74 -13 0
-25 32 68 0
5 -42 -53 0
51 -67 13 0
23 -24 56 0
-4 -60 -64 0
-22 48 -45 0
-22 67 -5 0
-71 -62 32 0
53 8 45 0
-69 -5 -41 0
45 6 59 0
4 -11 -62 0
-73 -19 21 0
34 56 -47 0
-31 -14 11 0
-73 -23 -11 0
12 -56 -45 0
44 -46 7 0
-42 26 -36 0
-24 10 -72 0
49 -10 -7 0
-69 -27 34 0
47 -27 35 0
16 40 13 0
58 -65 38 0
-40 -46 28 0
-71 51 1 0
-59 -23 8 0
70 -9 -59 0
-21 55 -29 0
-16 -75 -15 0
-56 -73 -12 0
-63 60 -74 0
-64 -37 -5 0
41 -28 58 0
-69 -32 36 0
72 7 13 0
-7 -13 -9 0
-48 -4 69 0
37 -46 9 0
69 -23 -72 0
-9 66 -69 0
-48 61 3 0
-4 -28 56 0
66 -11 29 0
5 -56 -58 0
-40 74 -5 0
32 -43 -71 0
-13 11 29 0
-41 2 -5 0
-53 13 47 0
-42 32 26 0
13 -28 59 0
17 16 -30 0
-14 -47 43 0
-38 17 -72 0
32 68 -34 0
-51 59 1 0
-56 67 -44 0
-46 -41 71 0
52 -44 -53 0
35 4 58 0
-68 66 64 0
-43 53 40 0
-58 70 -10 0
-12 30 -68 0
-62 31 16 0
-70 24 63 0
14 30 -55 0
-9 -31 -42 0
44 -10 -4 0
-47 -21 -17 0
48 -21 72 0
-34 -21 62 0
-51 -18 -67 0
20 -38 -46 0
-57 45 -23 0
32 16 61 0
40 1 29 0
-50 62 -49 0
-9 36 -35 0
-43 25 -1 0
26 20 18 0
-48 -74 18 0
46 -43 68 0
12 -61 -6 0
-60 39 -37 0
40 74 -7 0
30 6 -28 0
28 25 44 0
-57 46 70 0
56 -13 26 0
48 -6 21 0
-8 68 -49 0
-75 -46 37 0
73 41 -70 0
-61 -2 56 0
67 -33 -54 0
-61 24 39 0
-61 -23 -7 0
-4 9 37 0
74 60 11 0
-74 38 35 0
-17 62 60 0
-45 -54 -30 0
-37 -31 75 0
10 -4 -38 0
-12 -20 -10 0
-50 -64 -71 0
36 5 63 0
-54 57 18 0
7 72 -15 0
-50 42 34 0
-21 10 2 0
-14 73 -37 0
-58 -29 20 0
-37 -18 -60 0
-11 -3 21 0
73 -38 -48 0
-9 66 63 0
30 -33 -9 0
-15 -26 61 0
34 -31 -56 0
-55 15 41 0
-16 60 36 0
-66 -45 3 0
-25 -19 -14 0
-70 -34 -36 0
67 -51 65 0
-34 36 -2 0
72 -32 -5 0
67 -51 74 0
-73 42 39 0
28 -12 56 0
-10 54 -15 0
-65 17 18 0
53 41 -49 0
-68 -34 75 0
41 -11 -17 0
-39 -55 -42 0
-57 44 -1 0
55 19 44 0
-73 -41 -52 0
45 75 -16 0
-74 -27 13 0
56 67 4 0
-58 4 -30 0
6 -49 11 0
29 -2 -4 0
66 -25 -67 0
-40 -1 38 0
-59 17 -72 0
-42 26 -34 0
26 -47 -49 0
-41 3 55 0
52 18 -2 0
48 69 5 0
-36 -32 -2 0
51 -20 18 0
47 -61 -13 0
47 -29 26 0
-53 19 64 0
-16 -67 74 0
-38 41 -74 0
71 18 -63 0
-15 53 38 0
39 -17 10 0
11 12 5 0
-20 -46 13 0
-31 27 1 0
8 -1 5 0
39 -16 -4 0
-60 23 -30 0
-69 -56 -5 0
2 32 25 0
-47 34 22 0
-59 49 -22 0
-9 58 -23 0
-51 67 38 0
-75 -42 -18 0
29 -55 -24 0
-37 28 -39 0
8 -73 -60 0
43 10 -25 0
41 18 57 0
43 -61 -25 0
33 52 -49 0
-6 -40 -75 0
25 -29 -63 0
-40 -63 27 0
57 -73 34 0
23 32 62 0
-37 7 -38 0
-28 -30 47 0
-72 25 -29 0
25 -63 -4 0
49 -26 6 0
31 74 1 0
39 -40 56 0
46 2 -64 0
-67 14 -70 0
-49 -2 5 0
-16 -21 -51 0
-59 32 -69 0
26 -39 62 0
45 -8 66 0
-56 46 -3 0
-60 12 -59 0
-29 -6 45 0
66 -18 73 0
-26 1 66 0
-58 -67 5 0
-44 -73 54 0
20 7 -47 0
63 19 -33 0
62 29 17 0
18 -24 -75 0
-2 24 20 0
-74 75 52 0
-66 -7 44 0
57 -7 46 0
-42 25 -65 0
22 -19 -16 0
8 -39 71 0
-1 -68 58 0
23 33 -62 0
-73 63 32 0
-66 -63 -48 0
41 -73 42 0
54 -17 -31 0
20 -51 -21 0
-52 17 -71 0
-6 1 19 0
-13 18 62 0
16 50 54 0
-2 -18 72 0
-59 67 -38 0
36 -70 45 0
-36 52 42 0
-37 12 34 0
22 -71 60 0
19 45 44 0
-73 -23 -33 0
-5 49 -46 0
5 55 60 0
44 -29 14 0
-10 25 63 0
57 61 -7 0
-66 31 -34 0
75 -15 10 0
50 61 -12 0
63 43 48 0
-24 57 43 0
59 -4 -21 0
27 71 -24 0
1 54 -6 0
-51 -21 56 0
-33 43 3 0
-65 71 19 0
49 46 -66 0
37 68 -69 0
-62 -28 57 0
-60 -18 -28 0
30 11 9 0
16 -2 39 0
-31 -66 -15 0
-16 -62 -11 0
-72 59 35 0
53 54 -42 0
62 45 11 0
51 73 -47 0
6 19 11 0
20 -37 -41 0
-20 66 -48 0
-18 -36 -2 0
-44 54 51 0
-15 58 65 0
-31 -24 -29 0
71 -2 62 0
-51 -42 -67 0
-6 36 17 0
-50 16 3 0
-64 45 -47 0
66 -6 -68 0
-35 -46 32 0
-37 -74 49 0
75 31 24 0
-35 -54 -63 0
-30 -41 14 0
-42 -34 -67 0
44 -3 -69 0
69 -27 31 0
41 16 -72 0
-47 -10 -69 0
-74 -53 24 0
21 32 -58 0
14 27 13 0
72 -34 -20 0
8 25 -38 0
12 -44 -64 0
1 -6 62 0
74 52 55 0
1 53 -18 0
4 -52 -38 0
4 10 12 0
33 73 -8 0
15 11 21 0
57 -1 -30 0
-57 63 71 0
-48 17 -15 0
-53 -35 42 0
54 -11 75 0
-45 -63 28 0
44 -55 -47 0
51 41 -63 0
54 36 -73 0
7 -2 -14 0
75 12 -48 0
-6 26 36 0
41 -29 28 0
49 48 47 0
12 -54 -4 0
-49 -17 -18 0
22 19 -27 0
-62 70 -13 0
-58 -12 -75 0
71 -23 -58 0
-21 -12 10 0
43 4 -45 0
30 -61 25 0
-54 5 10 0
54 9 63 0
-5 -60 -35 0
18 -58 11 0
-28 -19 -8 0
58 -32 63 0
-56 1 -69 0
-2 46 15 0
-69 -67 -27 0
-6 -29 -33 0
-14 -29 -5 0
37 27 14 0
15 33 46 0
11 -21 -36 0
14 -68 -46 0
-11 51 -10 0
52 75 18 0
-18 67 58 0
-37 -53 65 0
45 65 68 0
2 -73 29 0
-46 -52 -48 0
-61 60 -24 0
-49 -32 -36 0
-70 -29 -40 0
32 -14 -26 0
-5 73 -44 0
75 -39 67 0
8 -43 -25 0
-31 -41 -22 0
66 16 54 0
-62 75 -43 0
-5 -4 -43 0
-75 -65 -14 0
-51 73 18 0
5 50 28 0
-26 38 -8 0
4 -6 -43 0
-54 -34 30 0
56 -13 -15 0
-7 74 -55 0
5 -7 19 0
-34 45 2 0
46 73 8 0
72 -51 40 0
14 19 74 0
-65 61 8 0
-30 -11 5 0
56 21 -31 0
-42 6 36 0
64 1 60 0
8 63 -38 0
-57 22 20 0
-42 33 34 0
14 -73 -32 0
-33 56 23 0
56 -59 5 0
46 -15 -3 0
51 -56 72 0
17 -75 41 0
s UNSATISFIABLE
d decisions 49
