c Random 3-SAT instance
c alpha = 7.5, N = 75, L = 562, instance = 12
p cnf 75 562
-39 -11 -12 0
-17 62 -45 0
-50 -12 -30 0
73 -41 -69 0
-54 53 -9 0
-41 30 2 0
3 28 -36 0
34 40 9 0
56 65 71 0
-41 -17 -63 0
-47 -13 60 0
21 40 -11 0
65 17 -43 0
22 55 -64 0
21 -52 66 0
-30 65 74 0
-12 -73 38 0
-55 13 -56 0
-34 43 54 0
-23 -54 -61 0
16 -6 -47 0
-10 47 -35 0
61 29 69 0
38 -1 -6 0
-61 -27 -21 0
60 -7 -63 0
23 66 -31 0
3 -44 75 0
-27 -6 -9 0
13 29 -31 0
43 -58 -68 0
-36 -32 17 0
18 -3 -49 0
-22 28 17 0
-9 -59 -47 0
45 38 -56 0
-2 42 -73 0
-64 -19 -58 0
-44 -36 22 0
13 -29 -27 0
-54 -26 -46 0
46 38 11 0
-56 34 -62 0
-75 -14 -24 0
52 55 -11 0
-19 -24 10 0
-3 -10 4 0
74 36 -20 0
-55 43 16 0
-31 -33 32 0
48 37 9 0
-22 58 16 0
-12 -64 -22 0
37 41 -42 0
72 27 50 0
-2 27 -75 0
-17 -75 -26 0
56 -57 -54 0
-5 -56 70 0
24 2 18 0
25 31 11 0
-23 -38 2 0
47 -60 43 0
-49 -59 14 0
43 -57 -41 0
-21 -15 -65 0
-54 26 69 0
13 15 -52 0
-34 24 42 0
2 -46 -74 0
70 32 -5 0
40 58 -14 0
20 45 -70 0
-65 14 -38 0
41 22 -62 0
-74 -17 58 0
-59 -13 10 0
14 -52 -74 0
-67 -14 43 0
55 11 -4 0
34 52 37 0
16 14 44 0
-9 8 -15 0
-14 53 7 0
47 -30 -14 0
55 61 54 0
-8 -43 -36 0
-20 -15 -57 0
37 -66 32 0
61 -8 -60 0
57 45 -72 0
-36 73 2 0
50 21 -10 0
64 19 -62 0
-4 49 -46 0
-46 -45 42 0
67 20 -22 0
31 -38 39 0
-23 42 34 0
68 -57 -22 0
-18 55 -16 0
-27 68 65 0
29 24 72 0
6 -51 48 0
8 24 -59 0
-74 30 37 0
-27 11 -36 0
-63 -4 14 0
-36 22 42 0
-56 11 62 0
-63 40 -10 0
71 46 33 0
-55 -68 59 0
66 33 -70 0
34 28 -59 0
-23 42 -50 0
-43 71 -55 0
55 -25 -60 0
-18 -41 72 0
-21 -62 37 0
63 18 60 0
-1 -21 4 0
-43 -23 18 0
-58 -53 -23 0
72 2 -8 0
13 4 57 0
-42 -54 64 0
-6 -42 28 0
6 64 -63 0
17 59 63 0
-44 7 8 0
-7 65 4 0
33 43 71 0
6 -75 -38 0
-66 -27 10 0
-72 -41 26 0
67 -23 -6 0
68 62 12 0
70 -37 19 0
31 50 73 0
7 35 29 0
62 42 -41 0
-48 -3 47 0
-6 -5 -52 0
30 -35 62 0
-39 19 -6 0
-2 45 17 0
30 -64 65 0
2 -9 -75 0
12 30 46 0
-37 -12 26 0
-4 48 31 0
-46 73 52 0
68 47 -10 0
-16 -23 -7 0
73 -43 38 0
26 70 -49 0
36 -73 -75 0
61 22 -4 0
-63 -69 8 0
46 -60 4 0
56 -8 2 0
-19 57 9 0
-66 19 46 0
19 -20 44 0
22 73 2 0
-11 58 -4 0
-75 -16 21 0
8 -70 -66 0
-52 9 -75 0
-34 45 33 0
35 36 -49 0
31 -39 -44 0
-7 -35 -18 0
-26 -75 -50 0
-21 -5 46 0
-48 47 10 0
69 22 -61 0
21 -17 30 0
34 33 -60 0
-18 -22 70 0
-23 -16 61 0
44 -63 -75 0
18 -44 33 0
-33 19 -18 0
-20 12 -24 0
-69 41 20 0
19 36 41 0
18 44 -48 0
-41 4 67 0
39 26 48 0
-62 -35 -7 0
33 20 1 0
-10 26 44 0
-64 60 -45 0
61 -13 -39 0
33 49 -3 0
12 -21 -54 0
-4 -40 -57 0
-20 62 -13 0
13 40 -31 0
74 -67 -61 0
73 44 -67 0
64 16 -75 0
64 33 22 0
-23 -12 15 0
7 -24 -13 0
-24 -59 46 0
-16 -51 -59 0
-6 -54 -38 0
21 -29 53 0
-47 65 -33 0
-3 2 -59 0
13 64 52 0
-54 -35 -3 0
-42 -33 -4 0
-40 -48 16 0
-50 6 25 0
-10 64 61 0
53 -42 -15 0
-58 -14 -28 0
12 34 -47 0
21 -60 47 0
25 7 -55 0
14 -49 -6 0
6 44 -67 0
40 11 31 0
14 -10 -66 0
63 64 -21 0
28 44 9 0
-26 62 -42 0
52 27 -42 0
64 -67 11 0
45 -43 -6 0
-8 10 -58 0
-15 -48 35 0
25 47 73 0
-66 -49 51 0
48 7 55 0
-4 37 59 0
-75 42 -59 0
51 67 -70 0
75 25 67 0
-27 5 -2 0
40 -65 -62 0
5 -56 69 0
-46 32 -14 0
-17 30 75 0
60 74 54 0
-23 19 -62 0
41 20 -50 0
-73 27 69 0
-24 -47 52 0
39 65 -8 0
-2 -63 47 0
-27 18 -8 0
-44 -27 28 0
42 31 -41 0
-48 -8 -75 0
72 14 -26 0
6 -12 74 0
-34 6 -27 0
27 64 -30 0
-57 16 -58 0
16 73 49 0
59 37 71 0
28 -54 49 0
-25 69 -54 0
-12 -4 -52 0
25 62 -35 0
-41 -61 28 0
72 11 36 0
15 74 -29 0
7 59 -13 0
-33 -56 -19 0
-4 -28 -71 0
16 1 72 0
-2 -38 -46 0
-15 -42 -27 0
-54 2 30 0
51 -37 -2 0
-36 67 -45 0
12 -66 -53 0
74 -70 -65 0
-46 62 -65 0
-39 60 -1 0
-57 -46 -43 0
-13 4 -1 0
47 -38 -74 0
71 -65 -44 0
47 18 -32 0
-58 66 -46 0
51 -57 -8 0
31 -19 18 0
18 -32 -34 0
39 -31 -55 0
74 39 18 0
16 -3 21 0
1 61 -69 0
74 -58 63 0
31 -58 -16 0
-71 -8 70 0
73 -42 -74 0
1 -43 63 0
-61 -40 51 0
-55 -32 -16 0
57 -48 -5 0
-73 69 -34 0
-74 33 66 0
-47 35 -59 0
-63 -4 -70 0
-32 -33 17 0
-64 31 22 0
-12 11 3 0
-54 -4 3 0
-69 45 56 0
-54 41 33 0
-41 -33 -66 0
-51 -72 19 0
7 -66 26 0
-23 8 -58 0
49 43 14 0
-32 8 -72 0
-61 19 -44 0
22 56 19 0
-38 19 43 0
-61 -35 -59 0
58 16 -19 0
-27 -39 29 0
-14 -37 -25 0
-32 -6 -1 0
-6 -9 46 0
39 -57 1 0
35 -4 39 0
29 -11 25 0
-64 65 51 0
-2 62 -32 0
30 36 28 0
-61 66 -14 0
6 47 -16 0
-63 -49 26 0
47 28 16 0
5 15 -24 0
46 -15 -18 0
50 14 -9 0
-68 -38 22 0
-2 -72 15 0
46 -11 -71 0
-45 5 23 0
-35 -55 9 0
75 44 65 0
67 15 -27 0
68 -59 38 0
-28 -20 26 0
38 9 -51 0
37 71 -14 0
-23 8 11 0
72 -28 -65 0
1 -23 -6 0
-11 -42 -18 0
-61 -48 40 0
-48 -19 34 0
-58 -73 22 0
38 -7 -70 0
39 -11 -21 0
-24 -9 -39 0
46 -6 -44 0
-17 57 -73 0
-50 -27 45 0
41 -28 -54 0
62 -47 38 0
11 69 -54 0
13 30 -64 0
-46 62 -66 0
12 -68 19 0
-7 6 -71 0
61 69 -20 0
-48 47 6 0
35 14 20 0
-47 56 -60 0
-21 -58 47 0
-2 3 46 0
22 -31 71 0
-13 6 -74 0
-9 -20 6 0
47 75 34 0
-65 -25 27 0
24 57 -44 0
64 12 25 0
4 73 17 0
33 20 63 0
-48 -28 -29 0
-2 32 -48 0
-9 -59 -38 0
72 -16 55 0
59 37 68 0
-42 64 24 0
-43 -69 67 0
-40 69 -72 0
53 -19 13 0
-64 -9 73 0
-29 -54 10 0
47 5 -43 0
44 15 31 0
35 -3 31 0
-11 37 55 0
-9 50 48 0
-15 -75 -47 0
75 -35 69 0
-34 -40 17 0
-41 -45 -35 0
-55 -53 47 0
52 27 72 0
16 4 -52 0
-64 -68 13 0
-17 2 69 0
36 -51 -33 0
-12 -72 37 0
69 26 -63 0
16 -14 -54 0
-54 74 5 0
-45 -55 -21 0
23 -63 57 0
-18 -27 35 0
53 -8 58 0
21 23 -64 0
27 35 24 0
-37 -12 50 0
25 -32 57 0
17 9 -66 0
32 -74 -30 0
24 21 7 0
62 4 26 0
70 55 27 0
73 -71 54 0
-15 41 -60 0
-52 -58 14 0
48 -23 -18 0
25 18 19 0
-34 31 66 0
38 6 -68 0
-61 55 43 0
-19 -35 -8 0
12 30 22 0
52 -41 -59 0
-65 30 -40 0
-27 -65 -22 0
1 15 12 0
66 30 22 0
28 2 -5 0
57 -49 -61 0
53 -12 16 0
35 13 -15 0
26 62 -74 0
53 -75 21 0
-42 9 51 0
53 -35 -73 0
-46 -69 65 0
-19 -58 68 0
72 -45 32 0
-53 59 -71 0
-15 -45 41 0
-28 69 -7 0
-73 68 66 0
30 -19 64 0
35 27 -66 0
-39 3 -30 0
63 -44 73 0
-56 -29 -48 0
30 -28 -16 0
22 -38 -8 0
-41 -42 8 0
17 45 -61 0
-21 49 41 0
2 -17 -1 0
47 46 -74 0
50 -54 42 0
-7 74 10 0
-51 -5 41 0
49 -46 75 0
-8 -18 26 0
52 -26 48 0
19 -12 -35 0
41 28 34 0
3 11 -17 0
57 60 -23 0
43 75 -23 0
65 37 -44 0
34 -14 7 0
-45 -1 44 0
35 -14 -34 0
-6 14 30 0
-28 27 -2 0
47 23 -2 0
39 4 74 0
30 -38 24 0
-44 45 65 0
-60 -50 28 0
-37 35 38 0
-9 -49 24 0
-63 58 13 0
-26 39 35 0
-22 -25 28 0
-55 75 2 0
-2 -38 -60 0
19 29 56 0
-65 -68 -69 0
6 55 40 0
-66 -70 46 0
-21 -16 -66 0
-45 51 70 0
-10 72 -60 0
-44 -68 15 0
-38 -3 -11 0
40 26 18 0
-45 -1 60 0
41 35 49 0
23 62 -21 0
26 -66 59 0
-2 -20 -36 0
-37 -33 -5 0
-75 -50 -2 0
-25 -24 14 0
35 27 52 0
58 -51 11 0
-54 -15 37 0
-2 -59 6 0
27 28 60 0
-45 59 23 0
-13 75 -47 0
-65 33 -43 0
-14 34 13 0
-61 -66 45 0
25 41 64 0
-27 -23 -61 0
-48 73 72 0
60 -4 -42 0
45 -25 -32 0
-60 -45 -47 0
-4 64 68 0
22 48 2 0
1 -72 67 0
59 -69 12 0
-49 41 -69 0
-27 28 -48 0
-12 -61 58 0
-9 -64 74 0
19 48 10 0
-31 -75 -60 0
14 50 -4 0
2 21 30 0
-11 -41 50 0
25 53 -18 0
-35 25 -17 0
-53 -33 45 0
-45 -60 9 0
-34 29 -35 0
7 -26 5 0
10 -17 -66 0
19 -9 62 0
-46 22 -1 0
-53 -64 8 0
s UNSATISFIABLE
d decisions 46
