c Random 3-SAT instance
c alpha = 6.5, N = 75, L = 487, instance = 147
p cnf 75 487
-9 31 -46 0
-28 42 7 0
27 74 -40 0
10 -47 -2 0
-51 -61 -42 0
51 -17 -16 0
-8 -17 -18 0
-37 -4 -32 0
-16 40 -2 0
15 56 31 0
-56 61 -68 0
-21 30 -44 0
73 -51 33 0
-31 1 -19 0
-28 -16 -40 0
35 72 43 0
13 -5 -70 0
-30 71 9 0
70 -64 54 0
-35 -4 -75 0
59 -65 -63 0
29 64 -7 0
58 -51 30 0
4 -56 -5 0
65 -46 22 0
-34 -7 13 0
43 60 -45 0
-42 66 -61 0
70 -43 -19 0
43 -21 -40 0
13 -29 -18 0
-62 41 2 0
27 -35 11 0
-21 52 75 0
67 -15 52 0
2 -8 -69 0
-2 53 -4 0
67 -37 42 0
49 52 -53 0
-26 46 47 0
41 28 -50 0
57 -30 44 0
-56 -3 37 0
-3 -36 71 0
-28 44 29 0
31 -19 7 0
-48 -61 -14 0
36 -71 -74 0
-35 -30 -6 0
35 50 71 0
26 74 -68 0
-45 -23 3 0
-12 9 -63 0
-10 -2 48 0
-9 40 10 0
-69 -51 -27 0
-68 50 21 0
-60 -43 11 0
-59 -32 22 0
65 -35 4 0
-70 8 55 0
-62 30 20 0
33 9 -7 0
37 7 -13 0
-54 -67 8 0
33 -21 -20 0
-53 -32 -56 0
11 34 -45 0
-42 5 2 0
-54 20 61 0
54 26 48 0
-62 -29 -15 0
-37 65 73 0
-22 -56 -55 0
-5 74 15 0
38 51 -46 0
30 41 54 0
71 -47 46 0
-62 -42 36 0
-71 30 -64 0
-5 58 -14 0
16 -15 14 0
72 43 62 0
53 -39 10 0
-68 -30 52 0
-3 31 -55 0
59 70 -48 0
55 -39 -38 0
-32 -57 34 0
47 -6 -26 0
-70 29 59 0
-38 -1 42 0
68 71 -26 0
-13 -58 2 0
32 -18 52 0
-39 -47 75 0
-65 -41 57 0
61 72 -7 0
-8 -49 -56 0
12 -27 -8 0
45 -35 -37 0
30 -11 -63 0
10 63 27 0
-24 -54 -8 0
46 27 60 0
-4 49 68 0
-68 72 5 0
40 -58 -52 0
43 9 49 0
-72 1 2 0
-50 5 25 0
-18 39 44 0
-48 -60 -45 0
-22 59 49 0
36 19 20 0
-8 69 -66 0
12 -49 7 0
17 23 32 0
15 64 60 0
29 36 63 0
31 5 68 0
-68 59 -60 0
59 -3 -69 0
75 -74 54 0
31 44 17 0
19 27 60 0
22 47 -71 0
-15 23 69 0
26 -46 -57 0
-7 -55 -44 0
53 -34 -4 0
29 -25 62 0
36 -70 49 0
-15 -73 43 0
-31 -40 63 0
-5 20 -25 0
62 43 -2 0
-12 39 17 0
-56 -55 23 0
-46 48 38 0
-68 -40 29 0
2 -39 -33 0
-31 63 13 0
52 -57 -30 0
44 39 -41 0
24 64 -31 0
-12 -49 31 0
-64 -41 -24 0
70 18 2 0
-10 69 -50 0
63 2 20 0
-4 72 -19 0
66 -70 43 0
58 55 -7 0
58 71 33 0
4 22 -56 0
-71 64 -65 0
-57 42 29 0
-11 74 -56 0
-56 59 53 0
-25 54 -33 0
-10 24 41 0
1 -10 -23 0
3 -63 -13 0
61 35 -60 0
-50 17 -38 0
15 6 68 0
-73 62 4 0
-42 54 -56 0
22 -2 -52 0
-14 -7 53 0
43 75 -61 0
61 70 -8 0
-41 4 43 0
74 58 -37 0
-28 52 -35 0
-61 -14 -48 0
-4 16 19 0
11 -20 61 0
29 59 36 0
-12 21 -35 0
5 -30 42 0
69 32 -36 0
16 48 -28 0
5 -64 55 0
-72 32 70 0
-33 64 -10 0
-70 -33 23 0
-48 -16 10 0
52 60 -27 0
65 9 -12 0
-8 48 -72 0
-65 -75 -6 0
65 -7 -29 0
12 -54 -67 0
15 -18 52 0
14 33 34 0
-48 -22 -25 0
-42 62 75 0
-7 -9 38 0
41 55 18 0
-57 21 62 0
-41 -54 39 0
69 -10 -26 0
26 -1 -72 0
-58 66 -29 0
64 -28 -75 0
32 -53 16 0
-60 6 40 0
75 -33 -48 0
54 -40 -67 0
-16 51 64 0
38 -50 -49 0
12 26 63 0
-46 -58 21 0
-36 -55 -43 0
-72 17 48 0
-75 -35 27 0
13 44 37 0
25 73 -10 0
14 16 47 0
46 28 -36 0
-1 9 49 0
15 58 -8 0
7 -40 10 0
72 54 60 0
-15 74 -22 0
-59 20 -62 0
-4 20 -62 0
-73 47 53 0
49 -24 -45 0
-37 -55 68 0
62 39 -29 0
12 36 -38 0
2 -59 19 0
-29 62 -67 0
16 -23 -27 0
38 2 11 0
-75 47 9 0
-8 -35 62 0
31 -70 51 0
42 11 -65 0
36 -20 -30 0
-72 37 -6 0
3 -39 -72 0
21 43 75 0
-15 -49 -52 0
28 44 -62 0
-49 40 -25 0
-57 -17 28 0
-14 -73 45 0
-72 -4 26 0
-16 67 -52 0
34 64 -48 0
-32 -48 21 0
19 -20 -10 0
-36 -37 -68 0
45 -26 49 0
-40 67 -28 0
36 16 -59 0
-42 70 20 0
-45 64 12 0
-60 72 -3 0
-15 64 56 0
36 -65 -39 0
6 -27 -25 0
70 -17 20 0
-57 33 -43 0
36 -12 37 0
-72 39 35 0
32 -2 -38 0
-68 25 64 0
-29 45 -28 0
-22 46 59 0
72 -31 48 0
19 64 -6 0
50 -68 -47 0
30 58 -7 0
72 6 -58 0
24 55 6 0
-39 45 -20 0
54 49 -6 0
69 55 28 0
-45 -71 40 0
47 35 -39 0
-63 -33 69 0
50 5 53 0
1 -38 -25 0
-70 -21 -12 0
53 65 49 0
41 -2 -48 0
-2 -31 32 0
10 6 -41 0
26 -73 -74 0
-31 7 38 0
40 16 -25 0
-21 -47 22 0
-74 -38 -36 0
7 3 -4 0
-26 -44 -21 0
-39 -69 70 0
-75 -53 29 0
17 64 49 0
16 52 24 0
42 40 -50 0
-54 63 66 0
1 75 5 0
73 49 21 0
-43 -19 -22 0
-19 -71 -21 0
-62 11 -55 0
-39 60 -3 0
34 14 -19 0
-2 25 -49 0
37 -22 -18 0
-30 16 -51 0
-39 -26 35 0
15 19 -55 0
-23 -46 -45 0
-48 -10 -11 0
-62 -60 -15 0
-49 61 -52 0
-20 -25 51 0
7 -26 28 0
6 -31 51 0
-6 -30 -19 0
59 -31 44 0
13 75 -57 0
27 -25 -29 0
27 -50 52 0
46 53 41 0
-54 -45 47 0
-67 -27 58 0
64 56 -33 0
65 -25 67 0
71 41 19 0
-49 53 2 0
16 75 -52 0
-15 3 -12 0
33 -65 45 0
69 -7 -34 0
35 -25 -15 0
-61 40 -67 0
-50 -60 61 0
-33 -28 64 0
-51 25 -66 0
-62 48 -6 0
-42 -22 -58 0
-69 -24 67 0
-15 -31 39 0
-26 -62 52 0
68 22 -8 0
-4 -60 -13 0
-19 -29 -75 0
-24 1 -46 0
58 -57 55 0
-39 -9 -29 0
-2 21 -7 0
-42 5 -19 0
71 -32 -34 0
-25 56 -72 0
56 -58 -73 0
-29 32 57 0
24 -16 -39 0
21 22 26 0
-61 1 25 0
39 -56 20 0
18 -15 64 0
46 25 3 0
61 12 74 0
63 9 -46 0
37 -48 67 0
62 8 -44 0
29 54 27 0
-50 -38 -37 0
63 68 -35 0
-14 -26 22 0
28 -24 15 0
35 26 -68 0
28 -68 42 0
-20 -65 34 0
-26 -48 30 0
-37 -29 33 0
-9 30 -10 0
64 -35 -13 0
-20 -42 -1 0
-57 71 -73 0
-75 52 16 0
47 5 -72 0
39 -43 70 0
68 16 3 0
67 11 36 0
60 -63 7 0
35 -47 -12 0
45 -70 20 0
49 -61 -57 0
41 -73 -25 0
75 -15 51 0
-24 23 -70 0
-31 -6 22 0
-65 71 43 0
-73 14 -5 0
7 68 13 0
30 -31 -46 0
-69 55 -62 0
25 44 17 0
38 28 26 0
-63 -65 -48 0
-57 -5 27 0
39 59 54 0
-70 16 53 0
22 69 47 0
-27 45 -43 0
-63 42 65 0
22 30 -32 0
31 -69 64 0
29 -2 4 0
60 -10 -56 0
-69 50 49 0
-62 29 51 0
18 38 -54 0
51 -32 -43 0
63 58 66 0
-67 26 27 0
-68 -43 -31 0
-6 -29 26 0
75 73 22 0
7 -59 -23 0
73 -38 24 0
-32 17 -62 0
46 -18 -39 0
33 63 -25 0
-41 2 6 0
57 33 -45 0
64 -47 62 0
11 58 75 0
33 -10 -3 0
-66 -74 -32 0
-12 4 37 0
-59 -2 -30 0
-29 -41 -30 0
-11 -14 73 0
-63 20 59 0
15 19 -34 0
-73 -55 -40 0
54 36 12 0
22 12 43 0
53 12 -56 0
-46 47 -62 0
48 4 -18 0
-50 70 -21 0
-30 48 -20 0
-5 -71 -23 0
-32 -46 70 0
13 -59 -27 0
7 20 9 0
-11 -7 73 0
-22 -24 -20 0
62 -66 -38 0
-7 -35 -24 0
38 -42 -67 0
16 -31 60 0
26 31 -55 0
63 71 34 0
-39 -42 -40 0
3 -31 11 0
-10 -43 -6 0
30 37 16 0
11 -52 -14 0
27 -20 21 0
60 -53 -44 0
-71 36 9 0
11 55 44 0
31 -61 -58 0
58 -1 -36 0
-69 29 -70 0
59 25 -70 0
75 -62 -20 0
-43 -19 20 0
-51 -52 21 0
11 5 -66 0
73 -67 18 0
68 -7 47 0
47 -59 -15 0
-71 -53 -24 0
41 5 21 0
-45 -49 -19 0
s UNSATISFIABLE
d decisions 81
