c Random 3-SAT instance
c alpha = 6.0, N = 75, L = 450, instance = 203
p cnf 75 450
19 10 29 0
32 7 -57 0
-37 -13 20 0
-48 -73 38 0
41 -20 -34 0
-18 11 31 0
-4 3 55 0
-19 -15 -22 0
5 -71 29 0
-44 42 -11 0
-39 54 61 0
5 18 64 0
20 -75 55 0
-75 71 -41 0
-50 75 -38 0
2 -18 44 0
-14 68 -50 0
75 -21 19 0
-57 -19 72 0
-71 -45 8 0
31 59 72 0
16 17 -72 0
51 25 -42 0
4 -13 38 0
-58 14 -45 0
-1 52 -25 0
-23 9 -54 0
-22 27 41 0
34 -58 -29 0
-46 50 14 0
69 34 -39 0
13 32 -6 0
-15 -62 -34 0
-71 17 -24 0
-48 9 -23 0
-41 -13 -64 0
51 -75 -30 0
30 -2 -26 0
66 -54 35 0
23 26 50 0
-38 -40 -67 0
15 55 -71 0
33 -50 62 0
56 21 -35 0
1 -27 72 0
55 -62 -13 0
67 -74 60 0
2 -73 -24 0
-23 -43 -44 0
-22 -46 -23 0
-52 62 -61 0
-4 -43 -47 0
11 -42 -64 0
-12 -42 47 0
71 -26 39 0
-32 -30 5 0
35 54 -32 0
-60 -36 -14 0
57 11 32 0
-42 45 11 0
66 -30 -52 0
-19 65 -3 0
-46 43 -50 0
-13 26 38 0
37 -11 -39 0
-26 -46 -42 0
40 -21 63 0
-70 7 -67 0
-42 -34 -62 0
-12 67 -68 0
-11 38 74 0
28 -22 -31 0
-63 -52 -55 0
-38 34 55 0
46 -34 -22 0
10 -16 3 0
-26 -1 43 0
-74 -62 -69 0
-28 -38 -54 0
-11 61 20 0
38 24 71 0
26 29 -52 0
57 35 75 0
65 -12 56 0
50 -55 48 0
-28 10 -31 0
7 45 -69 0
6 28 29 0
-64 50 -51 0
-32 -40 -30 0
-25 10 53 0
-42 49 71 0
40 59 57 0
12 10 -31 0
48 -52 -20 0
-23 -71 5 0
-65 -68 -62 0
72 -17 4 0
-7 34 -69 0
-57 65 -27 0
-62 -19 -57 0
-21 -60 50 0
-1 -2 -21 0
35 -69 25 0
-41 -47 -67 0
36 -53 46 0
-12 62 65 0
22 2 -74 0
16 -65 8 0
27 -63 -69 0
-23 -74 -3 0
27 -42 1 0
-46 58 55 0
1 -31 -55 0
-64 -48 17 0
30 -52 -75 0
2 -49 57 0
-69 -51 9 0
42 -44 71 0
30 33 52 0
-70 1 68 0
57 11 52 0
-71 -36 33 0
50 -72 25 0
42 35 -27 0
64 -1 -40 0
-43 54 -25 0
15 -67 17 0
23 25 38 0
29 -32 -1 0
22 17 64 0
-42 -17 27 0
46 -43 10 0
53 -62 58 0
23 -73 -53 0
25 68 17 0
10 48 52 0
15 58 7 0
-23 -20 -73 0
-59 -27 -62 0
-15 18 33 0
-43 -2 -4 0
-7 -45 47 0
12 -55 -65 0
-62 45 -73 0
19 33 -38 0
-49 28 12 0
-48 -47 33 0
-31 33 -40 0
-67 21 59 0
-58 20 68 0
-6 5 35 0
-14 -28 -44 0
21 -57 -43 0
58 -11 -75 0
-13 37 49 0
61 47 14 0
-49 62 -2 0
-29 -73 -56 0
-22 -9 10 0
-24 -16 -50 0
58 -19 -2 0
-37 7 18 0
46 -34 -5 0
-8 39 12 0
57 19 53 0
-56 36 24 0
21 -3 58 0
-71 -20 -66 0
-37 11 40 0
64 10 -9 0
-21 59 12 0
-26 16 64 0
-45 8 -55 0
9 24 -13 0
-55 -2 -25 0
-43 36 -18 0
61 50 8 0
46 -26 29 0
-17 60 27 0
-54 2 -20 0
53 -34 -25 0
-15 26 -5 0
-58 18 -4 0
32 -8 -62 0
-12 47 48 0
-54 28 -48 0
58 14 31 0
62 6 -56 0
7 15 -9 0
-4 -30 -9 0
11 20 50 0
-4 -14 24 0
33 -5 36 0
-65 -36 -32 0
26 74 -24 0
13 8 -57 0
-63 -65 8 0
29 -44 -51 0
-4 -6 39 0
-33 56 -30 0
-20 -21 18 0
-10 54 -75 0
75 48 -58 0
30 43 33 0
60 -32 -23 0
59 17 -48 0
19 -5 53 0
15 21 37 0
15 9 65 0
-18 34 -22 0
-24 -60 67 0
-28 59 -3 0
-2 42 70 0
-56 22 -23 0
24 43 -73 0
48 -9 -37 0
-5 -73 58 0
-1 -38 17 0
23 -4 -28 0
-60 -65 63 0
-23 22 -58 0
-25 47 -65 0
-61 30 -43 0
-62 39 23 0
43 66 68 0
46 -7 37 0
-43 56 63 0
-28 18 -47 0
28 47 7 0
25 17 -59 0
-68 -3 12 0
-45 -73 37 0
-10 48 -1 0
68 -15 -50 0
-52 1 30 0
29 -27 -36 0
-39 10 11 0
66 -31 -70 0
-68 29 17 0
12 30 -33 0
45 16 21 0
-56 44 -42 0
67 -1 -32 0
-16 -52 44 0
52 54 -65 0
-40 -30 -64 0
-3 -6 15 0
35 -38 50 0
-50 16 48 0
-59 10 51 0
32 28 -29 0
41 -29 4 0
-3 52 37 0
18 -11 -5 0
54 28 72 0
67 54 32 0
65 -1 -68 0
67 -45 54 0
-54 68 -14 0
2 -16 57 0
-41 -57 50 0
64 44 73 0
-4 61 -43 0
-17 -24 -58 0
-67 -12 -59 0
71 64 -55 0
27 53 64 0
43 4 -47 0
54 46 73 0
10 -33 -58 0
-3 68 74 0
60 32 -48 0
-42 -18 5 0
-33 -65 -15 0
8 11 71 0
53 -48 -19 0
4 3 -54 0
-53 16 2 0
-49 45 53 0
35 50 -71 0
22 39 55 0
9 -50 7 0
-51 17 58 0
-52 69 10 0
46 -52 47 0
-29 -28 -11 0
40 63 33 0
-24 -63 2 0
68 46 47 0
-39 4 65 0
-55 51 20 0
-10 -33 26 0
-48 -14 68 0
53 60 54 0
-26 -4 -8 0
53 -70 38 0
15 46 -49 0
-37 -50 -61 0
50 19 -38 0
68 3 25 0
-30 -40 57 0
50 17 62 0
-65 39 49 0
-1 41 12 0
-23 -12 32 0
20 42 -23 0
57 72 -8 0
-54 -74 37 0
2 17 -44 0
-57 -75 -27 0
39 35 38 0
38 57 7 0
-54 30 -20 0
44 17 -48 0
-8 -47 -24 0
-68 -46 25 0
11 -8 17 0
56 -72 -53 0
-43 -37 -45 0
59 33 17 0
-69 -67 47 0
-15 4 -14 0
-54 -27 49 0
-6 -40 -14 0
57 -64 -1 0
70 -6 43 0
-28 -19 73 0
49 5 -55 0
-4 -33 -45 0
-8 47 57 0
58 68 -61 0
33 -40 -17 0
66 75 41 0
28 31 25 0
64 -1 -30 0
34 -11 61 0
-61 -65 -48 0
72 62 -18 0
-57 -62 50 0
4 34 -44 0
9 13 -32 0
16 38 39 0
32 1 -26 0
-5 -54 -50 0
20 38 18 0
-2 -50 6 0
29 70 -25 0
-16 -15 47 0
-43 32 -6 0
54 -47 -27 0
26 -45 -53 0
23 -28 53 0
-45 25 37 0
-38 -35 36 0
69 29 -31 0
13 15 -42 0
72 -22 -35 0
72 21 -10 0
9 52 -67 0
-71 -16 72 0
34 61 20 0
-27 -63 -59 0
56 14 37 0
-33 -2 -23 0
53 -7 18 0
58 -17 -36 0
47 -45 -29 0
59 43 26 0
-64 13 -63 0
-30 -33 -46 0
27 40 -53 0
29 65 -42 0
-69 -53 71 0
74 -40 14 0
8 -71 59 0
1 75 -7 0
-19 -31 -21 0
14 37 50 0
-11 10 3 0
34 18 -58 0
50 51 38 0
68 -8 5 0
43 61 -73 0
35 -60 -47 0
-7 73 70 0
21 -60 24 0
27 -21 50 0
57 41 45 0
-64 20 28 0
-30 -48 53 0
-41 27 -67 0
22 33 -27 0
75 61 27 0
47 -36 57 0
15 34 54 0
-9 34 31 0
-53 -13 -69 0
71 64 48 0
-67 29 -42 0
-9 -40 33 0
-38 24 72 0
-30 49 -36 0
-25 45 -48 0
-44 -19 22 0
46 -47 1 0
-17 61 34 0
-29 -59 -71 0
42 17 5 0
-4 44 -63 0
-1 -26 -11 0
26 -14 62 0
-59 -40 -56 0
8 -59 44 0
25 -28 39 0
-51 -59 5 0
-13 7 45 0
-23 8 -72 0
-54 -25 71 0
-52 60 65 0
36 74 66 0
-29 -31 4 0
-38 -54 13 0
52 -27 -2 0
58 66 -51 0
-40 38 -50 0
26 -20 54 0
-43 -47 54 0
18 9 71 0
71 44 -72 0
-69 -30 -71 0
5 -28 55 0
13 -23 30 0
58 -41 70 0
26 62 21 0
58 -35 -74 0
-63 -37 33 0
-52 -66 48 0
-48 19 72 0
22 -35 64 0
-23 44 57 0
-61 23 40 0
22 25 -34 0
42 5 -65 0
-69 64 52 0
-58 -39 -19 0
-44 71 34 0
50 22 -72 0
39 -24 59 0
-44 30 55 0
s UNSATISFIABLE
d decisions 67
