c Random 3-SAT instance
c alpha = 8.5, N = 75, L = 637, instance = 207
p cnf 75 637
-15 -40 -50 0
-36 61 47 0
-65 15 -33 0
40 -26 37 0
23 -9 8 0
54 -48 24 0
-45 -31 -68 0
45 49 68 0
4 3 -27 0
12 56 -11 0
-1 14 56 0
-40 -29 23 0
16 22 -66 0
-48 43 1 0
65 8 -15 0
-59 -69 54 0
33 25 45 0
-34 5 -37 0
-64 4 59 0
-63 -35 20 0
58 14 -28 0
-29 9 -5 0
28 -1 42 0
50 1 52 0
73 -40 17 0
20 58 74 0
-25 27 3 0
31 6 14 0
57 -32 52 0
62 29 -50 0
-3 71 74 0
-68 -62 71 0
-55 -57 -7 0
41 -25 56 0
-4 39 55 0
3 -21 61 0
-28 50 70 0
-50 -49 66 0
-69 56 23 0
-33 19 -71 0
-37 -36 -64 0
64 29 -62 0
-10 -59 57 0
66 21 -70 0
51 66 -36 0
-4 -62 -9 0
39 -60 -75 0
71 -59 -55 0
69 48 -36 0
37 41 -20 0
56 -38 -48 0
7 45 54 0
20 -70 -14 0
68 53 66 0
43 -47 -73 0
14 -46 -13 0
34 33 -37 0
41 28 25 0
26 -46 67 0
-50 -11 1 0
40 5 -8 0
-37 -53 75 0
11 45 -42 0
-35 -40 -66 0
70 -28 47 0
31 13 -29 0
-4 -58 59 0
-15 -52 -11 0
-28 45 20 0
-23 -10 7 0
5 -12 36 0
-11 9 -13 0
-31 15 58 0
-68 30 -2 0
-50 -71 -46 0
26 51 8 0
-56 10 65 0
-68 23 -37 0
44 -36 45 0
9 7 -41 0
-17 -55 -53 0
-6 34 -14 0
-2 -15 22 0
-40 16 -32 0
-13 41 -73 0
-6 54 45 0
32 14 -59 0
-7 -51 -64 0
-52 -18 -47 0
55 66 20 0
3 -69 66 0
1 -11 -29 0
-55 -37 -32 0
-32 -33 -69 0
4 52 65 0
-28 68 -7 0
-46 -49 -12 0
-19 -33 -70 0
-69 -39 41 0
57 -56 -24 0
56 52 -67 0
37 48 -33 0
-64 59 -10 0
-51 55 6 0
-13 68 -59 0
49 -1 -68 0
15 -73 40 0
34 -69 -20 0
-69 2 -73 0
-7 -30 -68 0
-38 46 71 0
14 71 -19 0
-56 28 5 0
-63 31 14 0
-72 49 24 0
29 -13 -3 0
-47 64 60 0
26 5 -23 0
-71 10 -9 0
24 -8 30 0
31 -44 12 0
-14 -54 3 0
-73 -9 36 0
21 -60 1 0
34 -40 -33 0
49 31 -61 0
34 46 30 0
-51 3 7 0
50 -25 -42 0
-3 -29 -68 0
47 -21 66 0
4 -13 29 0
-55 35 18 0
-38 -51 -4 0
29 60 52 0
57 35 -11 0
-51 -19 -27 0
-1 -27 -63 0
-40 38 14 0
-23 37 47 0
-34 -36 33 0
32 -40 -9 0
43 59 -10 0
-27 55 -7 0
-17 -40 -16 0
6 -60 53 0
-52 -8 14 0
50 -63 70 0
-67 42 -7 0
-75 -24 -6 0
33 18 46 0
-32 -65 41 0
12 -52 13 0
43 2 -50 0
26 -29 -16 0
-73 -28 50 0
32 18 -5 0
-40 15 -17 0
37 59 58 0
43 67 18 0
2 -26 56 0
56 -15 50 0
19 14 24 0
-40 -2 39 0
-68 -34 -26 0
-40 14 75 0
9 -43 -74 0
52 55 -19 0
26 -21 -4 0
-69 -30 -53 0
-28 -36 2 0
22 55 53 0
58 8 -72 0
69 29 -8 0
-21 -19 -63 0
6 -75 -2 0
-34 -72 7 0
-54 -1 66 0
22 -2 -55 0
-10 42 38 0
-17 54 -55 0
-1 44 -7 0
-8 -26 10 0
59 49 20 0
57 3 -34 0
-70 -3 36 0
26 30 -16 0
-46 66 51 0
12 -21 -20 0
-41 52 19 0
60 -7 -2 0
48 38 20 0
71 -3 43 0
-17 -55 -50 0
-74 35 2 0
-6 -19 58 0
-7 -58 -18 0
40 35 -63 0
5 -3 46 0
59 -47 -18 0
-13 -31 -26 0
-59 -6 28 0
-3 48 62 0
15 34 39 0
-5 -20 12 0
-68 -62 47 0
-3 27 73 0
31 -6 60 0
47 -63 -44 0
19 -71 57 0
-51 -12 22 0
70 51 47 0
46 35 71 0
-68 -44 17 0
29 41 9 0
-31 34 -10 0
-55 63 22 0
60 21 -39 0
3 59 2 0
-55 -24 36 0
-7 -33 49 0
-37 41 68 0
74 33 4 0
-51 11 73 0
-4 -36 -33 0
-23 -45 37 0
67 -47 50 0
-57 74 -3 0
52 -49 27 0
-72 -74 23 0
59 -4 56 0
7 -17 -45 0
-10 -59 -64 0
5 21 16 0
-38 -30 75 0
-46 3 -39 0
-60 36 37 0
3 31 -24 0
41 -64 2 0
40 45 -52 0
-24 5 -2 0
73 3 31 0
51 -70 -30 0
37 -75 -51 0
-63 45 -68 0
2 -71 23 0
50 -62 2 0
-30 -69 -10 0
35 -50 -16 0
-60 71 -4 0
69 -22 -70 0
-1 -43 69 0
70 -50 22 0
-1 -54 60 0
-29 67 51 0
29 -70 -11 0
60 -50 -63 0
29 -15 -33 0
-70 -8 -29 0
5 46 -44 0
-65 -6 67 0
-72 1 74 0
26 -66 56 0
72 51 -68 0
39 -66 19 0
27 60 64 0
47 -75 -43 0
65 1 -12 0
19 -56 64 0
-45 -74 41 0
-35 -2 64 0
-73 -47 -39 0
-67 50 -8 0
-15 67 1 0
69 -38 55 0
29 46 -16 0
-53 -25 8 0
60 37 39 0
-47 -69 60 0
-12 20 -58 0
-32 -44 -36 0
66 -75 -35 0
-46 2 23 0
61 14 25 0
73 11 54 0
1 54 -8 0
-17 -48 56 0
71 43 11 0
50 42 -68 0
6 -7 -9 0
-63 59 -70 0
-27 -62 12 0
3 17 -46 0
57 -61 70 0
-58 21 -49 0
16 -6 63 0
-39 -49 1 0
6 15 7 0
74 -20 -46 0
-6 -71 -54 0
-22 18 -37 0
28 25 8 0
6 -35 -66 0
29 73 -23 0
-10 21 -57 0
-66 -43 47 0
49 -74 -16 0
63 -42 -8 0
-42 22 44 0
43 -44 60 0
-57 -8 -1 0
-41 -6 67 0
70 -33 29 0
56 45 -43 0
5 -21 -55 0
45 28 12 0
62 -8 -73 0
-68 -35 -71 0
47 -68 -13 0
39 12 10 0
-5 25 53 0
-56 22 58 0
-69 -14 -49 0
-11 -26 63 0
9 -46 54 0
70 27 14 0
-5 -9 -41 0
-46 -56 12 0
10 -12 25 0
-35 -6 -5 0
46 -43 44 0
-71 -57 60 0
-2 -55 -34 0
61 30 -16 0
68 58 -25 0
-61 8 -74 0
40 -3 -33 0
-53 41 -71 0
-62 26 -58 0
-4 46 -75 0
40 -1 7 0
-65 59 51 0
-54 -48 -65 0
-48 28 49 0
27 -35 14 0
53 59 49 0
-63 -17 52 0
7 -44 -4 0
2 25 61 0
-68 -14 -5 0
-58 38 -21 0
-65 -35 -67 0
73 -44 50 0
-64 22 39 0
59 7 46 0
-48 -39 46 0
52 62 -60 0
8 50 -30 0
65 69 46 0
-72 71 -32 0
-4 -70 -24 0
-61 -38 -19 0
-64 -60 -30 0
10 -35 -61 0
17 14 -72 0
-19 33 64 0
6 5 18 0
-14 -7 17 0
58 39 28 0
-40 4 -23 0
1 43 27 0
52 -53 45 0
-14 -33 -39 0
-21 -48 66 0
18 -15 58 0
48 -49 20 0
-3 -67 11 0
16 8 -24 0
-60 -70 -39 0
-49 -12 -53 0
34 45 7 0
-60 -74 -9 0
-44 -10 -40 0
-59 65 -24 0
-31 33 26 0
37 -41 -42 0
-35 13 42 0
-28 36 -10 0
47 42 -34 0
3 21 -49 0
55 -12 8 0
-49 -23 -72 0
-45 -26 -16 0
-54 25 -36 0
54 -56 9 0
-64 65 51 0
31 36 25 0
-65 1 2 0
52 -10 60 0
26 -50 -43 0
-35 52 -21 0
-6 2 61 0
-68 -73 -1 0
-6 -70 3 0
-61 6 28 0
19 37 -16 0
-60 -58 10 0
-52 67 -44 0
30 -33 68 0
-3 31 -20 0
38 -17 12 0
1 8 20 0
40 23 -58 0
60 22 -63 0
-30 -18 22 0
38 24 19 0
-69 71 -9 0
-62 -61 -33 0
-3 -65 -69 0
17 -14 -18 0
1 -73 26 0
-10 -15 -66 0
71 -39 11 0
-11 -48 -67 0
20 -31 -25 0
-12 26 22 0
-9 65 69 0
41 7 -67 0
-17 -13 -60 0
40 -59 23 0
-3 -45 -50 0
27 -56 50 0
21 -29 -63 0
32 22 -54 0
36 9 33 0
-53 30 65 0
-36 64 -54 0
37 -26 -50 0
-53 -67 3 0
9 36 74 0
14 -17 -6 0
-41 -68 -49 0
14 68 -66 0
71 58 -66 0
8 -25 -57 0
45 37 61 0
-19 52 35 0
-37 59 -57 0
-28 6 62 0
-11 -69 8 0
33 9 44 0
51 73 -52 0
-66 47 -37 0
16 37 46 0
-65 22 -66 0
-3 -16 37 0
-66 -45 27 0
8 45 63 0
75 45 11 0
-19 -22 65 0
71 42 -50 0
-70 24 55 0
-8 -72 -24 0
27 -29 -20 0
-21 38 3 0
-32 50 31 0
41 75 37 0
-22 -27 -43 0
-70 33 44 0
65 63 -67 0
-24 56 -44 0
23 -61 62 0
7 -53 -8 0
-24 50 14 0
29 -14 -46 0
20 -4 10 0
17 27 62 0
-17 -49 -53 0
-44 -5 58 0
-3 68 49 0
-70 55 67 0
-44 36 56 0
23 -17 -55 0
-3 11 -52 0
15 49 -50 0
65 73 -72 0
-18 72 7 0
-15 55 59 0
51 -68 -62 0
-36 -2 30 0
12 54 6 0
62 -20 16 0
-4 2 14 0
-54 -29 58 0
-7 54 -55 0
24 56 31 0
-45 -73 8 0
-50 70 -40 0
1 -57 66 0
30 -35 -9 0
-33 -7 21 0
-33 73 31 0
11 -35 63 0
38 15 8 0
22 3 -4 0
20 8 -49 0
10 -15 -45 0
55 -40 -21 0
-22 17 70 0
61 -27 17 0
17 68 -34 0
6 -64 -20 0
65 9 14 0
17 32 43 0
25 7 6 0
41 -64 -40 0
61 -32 -11 0
67 71 27 0
23 15 58 0
1 51 -50 0
50 -6 -75 0
-59 31 17 0
20 -9 -21 0
71 61 26 0
-45 59 61 0
-44 -28 15 0
64 -30 54 0
1 52 -64 0
9 52 44 0
-52 58 40 0
-51 34 -67 0
59 51 43 0
17 -54 -25 0
-24 19 62 0
-7 32 22 0
49 -31 -44 0
7 -31 -4 0
-53 -60 -13 0
-14 -17 44 0
57 23 -62 0
-43 -41 72 0
63 20 -68 0
26 30 -32 0
-6 5 -71 0
-67 8 14 0
14 8 73 0
13 -35 19 0
-27 -67 58 0
-8 59 49 0
59 62 21 0
24 -67 -69 0
-28 23 -64 0
6 -22 4 0
12 54 31 0
-56 -18 -17 0
26 -30 -59 0
19 -43 -63 0
-15 3 -61 0
10 55 30 0
-38 69 -60 0
2 -8 -64 0
-56 42 -61 0
-57 -27 -54 0
50 -46 -51 0
48 9 -34 0
22 -8 -30 0
-15 14 34 0
10 -22 28 0
-29 -47 37 0
13 -40 59 0
-8 -72 -46 0
-44 -72 39 0
48 49 -41 0
-13 -47 -26 0
-26 25 -64 0
29 -73 63 0
-62 -47 28 0
74 28 51 0
70 64 38 0
4 33 -15 0
-58 -2 33 0
74 69 30 0
-52 -47 -31 0
-72 -26 47 0
-46 27 56 0
-40 -27 -63 0
-63 -51 -71 0
-51 18 72 0
23 -56 -70 0
5 38 -15 0
52 -2 55 0
61 41 -49 0
-31 -38 18 0
45 60 -11 0
-59 67 55 0
17 64 -42 0
14 51 -48 0
-32 67 70 0
9 -74 22 0
55 38 57 0
26 -43 13 0
-32 -25 48 0
53 -12 72 0
-36 -1 -24 0
6 -51 -50 0
41 61 -19 0
-57 -21 -23 0
63 -65 -66 0
-6 -58 63 0
-60 33 -56 0
-24 -58 9 0
37 69 -53 0
54 -14 -20 0
-42 57 -63 0
-46 6 22 0
12 3 68 0
-10 28 -27 0
-45 -31 68 0
34 -41 -10 0
31 59 -73 0
-25 -64 75 0
44 70 30 0
10 -5 -61 0
-62 -51 18 0
30 72 -38 0
58 20 37 0
64 -33 -17 0
28 56 -19 0
-55 72 27 0
13 -51 -16 0
-1 67 -53 0
-30 51 66 0
-36 69 -12 0
-8 69 19 0
-5 22 59 0
-23 3 40 0
-70 -63 12 0
s UNSATISFIABLE
d decisions 52
