c Random 3-SAT instance
c alpha = 7.0, N = 75, L = 525, instance = 257
p cnf 75 525
31 29 -13 0
-30 24 -32 0
-35 44 41 0
-55 75 -20 0
29 -36 -9 0
62 -8 -4 0
66 -2 -44 0
15 63 -37 0
33 -52 60 0
-32 71 -65 0
-37 -43 -73 0
40 -59 25 0
28 -26 -7 0
26 73 30 0
-59 17 -62 0
21 61 34 0
47 38 -72 0
-32 -73 -69 0
3 -53 35 0
61 -8 -9 0
5 22 43 0
-65 -74 57 0
40 -42 -31 0
-23 -54 -35 0
14 31 11 0
64 62 47 0
-17 -40 44 0
-63 29 -62 0
-7 -42 27 0
50 4 -72 0
37 -32 24 0
-33 57 -4 0
57 72 33 0
-10 -69 -26 0
15 45 -13 0
10 65 21 0
55 68 43 0
-70 -47 71 0
-8 -49 -73 0
-16 57 -60 0
-37 -6 -11 0
-2 -17 71 0
-28 -49 -13 0
1 69 -74 0
-16 -25 -33 0
-29 43 21 0
-17 -56 -49 0
30 9 52 0
-17 -61 -69 0
-31 -25 -7 0
-62 -74 -13 0
38 -7 -3 0
33 40 62 0
12 -18 17 0
-2 34 -32 0
-51 -3 1 0
-10 22 63 0
-27 -7 -69 0
4 -28 -73 0
23 -72 -15 0
-47 53 7 0
-73 60 -72 0
68 -70 34 0
-74 -16 67 0
70 2 -11 0
-50 75 -44 0
75 -5 61 0
13 -53 34 0
-49 -50 42 0
-23 73 65 0
39 -50 19 0
-53 -26 48 0
-48 32 70 0
48 75 -1 0
53 -62 68 0
54 -15 3 0
58 74 20 0
-26 -18 -28 0
47 74 57 0
-31 -30 -15 0
-60 -24 26 0
-35 58 -46 0
58 31 -51 0
47 31 -41 0
-43 -35 1 0
-27 17 -42 0
45 -22 -24 0
72 33 -40 0
-30 -40 67 0
-33 1 -73 0
40 23 -62 0
2 -43 19 0
44 75 -47 0
-48 -12 11 0
-2 -11 -10 0
-68 -53 -70 0
-8 -53 -16 0
13 45 -38 0
73 48 -59 0
48 36 72 0
-66 8 22 0
75 -37 49 0
-1 -60 74 0
6 16 -71 0
20 6 -15 0
18 61 49 0
-42 -75 -23 0
-73 -63 36 0
67 -4 25 0
-31 -24 -13 0
-69 -5 50 0
-23 -69 -13 0
31 -29 14 0
24 31 -8 0
8 63 -48 0
-41 7 -70 0
18 38 -15 0
-57 50 34 0
23 -59 8 0
32 -24 -9 0
36 10 7 0
-58 -72 -41 0
-67 -32 1 0
-30 -49 41 0
-10 36 18 0
-41 -54 -36 0
-4 38 -51 0
-10 64 -20 0
57 22 54 0
-62 -34 20 0
14 -62 22 0
-43 -21 -55 0
21 55 73 0
14 -40 57 0
67 -72 31 0
-64 -32 11 0
28 -66 -7 0
75 56 62 0
-1 -48 -25 0
30 -27 -49 0
2 -59 51 0
-17 -49 63 0
56 -34 42 0
-16 -6 39 0
3 -52 5 0
-36 -33 61 0
53 -73 -38 0
-40 20 -75 0
-36 43 -2 0
71 -8 -29 0
-19 4 12 0
-64 6 -68 0
70 24 26 0
-16 1 -32 0
51 -62 -14 0
-15 73 -37 0
-71 -57 -40 0
30 13 54 0
-4 45 -56 0
48 54 3 0
67 -42 -7 0
-40 10 7 0
-35 -1 34 0
-75 25 1 0
42 40 -44 0
-52 72 28 0
-61 19 -65 0
-21 -53 -31 0
-34 40 -47 0
-14 51 -21 0
27 -21 -59 0
14 73 42 0
-19 -48 -29 0
-53 -62 75 0
37 45 42 0
-63 40 18 0
17 -13 30 0
-8 -14 -66 0
40 -43 -20 0
36 40 2 0
10 1 31 0
-23 -51 -46 0
15 24 9 0
-49 31 -9 0
-60 -73 -24 0
23 -48 43 0
63 -37 -58 0
-21 62 -12 0
8 -27 39 0
19 -71 13 0
-41 33 74 0
-71 59 -51 0
25 -46 45 0
-57 -35 -27 0
18 -38 47 0
-59 -69 24 0
-1 7 -53 0
-13 44 -6 0
-69 33 -24 0
-43 40 39 0
34 -52 21 0
-45 72 1 0
44 55 21 0
-8 6 67 0
7 64 14 0
-52 -37 50 0
17 -70 59 0
-75 62 18 0
11 -71 -54 0
-32 4 25 0
60 -41 -25 0
52 65 66 0
56 65 52 0
58 -9 -17 0
-20 -42 -64 0
-36 9 -42 0
2 6 18 0
-22 60 -68 0
8 -26 53 0
46 69 33 0
-19 -32 60 0
72 3 -29 0
75 -61 -17 0
-22 64 -36 0
-44 -75 -57 0
-74 -28 49 0
51 62 -9 0
-11 23 -1 0
59 -72 30 0
16 -14 -68 0
-55 43 40 0
2 -39 -47 0
-13 33 -28 0
61 -8 2 0
-12 -43 34 0
-35 -21 28 0
66 33 -61 0
-14 39 -28 0
-62 4 -51 0
-36 75 -27 0
72 18 -71 0
-39 26 -70 0
-2 10 38 0
43 45 -66 0
40 32 50 0
-60 5 1 0
-25 3 69 0
56 61 -41 0
59 -55 -26 0
11 42 -44 0
53 28 12 0
-7 -44 57 0
27 -52 53 0
-26 -73 -66 0
15 -55 -37 0
71 -36 63 0
69 -25 -51 0
18 71 21 0
-39 -56 -11 0
-2 40 -55 0
52 13 -58 0
7 44 60 0
36 9 -67 0
-38 22 75 0
-33 -62 24 0
43 -15 53 0
27 -19 48 0
-67 -31 37 0
15 32 -64 0
-19 -23 -28 0
-29 1 -56 0
68 11 74 0
-15 18 -60 0
-28 32 29 0
-1 -26 7 0
-62 2 -31 0
60 44 61 0
46 10 68 0
-57 -38 -24 0
55 -8 34 0
-49 -27 53 0
-17 35 15 0
54 -61 5 0
-42 -51 -5 0
-27 -41 -73 0
68 -49 37 0
27 19 34 0
59 9 -6 0
51 29 -34 0
-27 37 -28 0
27 -33 26 0
-57 -75 7 0
-9 13 -34 0
57 -65 -38 0
-74 6 -47 0
51 -23 -13 0
33 22 61 0
-37 75 -28 0
-33 69 -23 0
40 -6 65 0
74 -20 48 0
6 2 -31 0
-57 -26 52 0
-62 33 -20 0
34 44 43 0
49 14 -8 0
-1 -44 -9 0
57 -16 39 0
-46 5 -26 0
-55 36 75 0
-27 -65 -39 0
69 -35 -1 0
-19 -73 -52 0
-56 -66 46 0
62 11 75 0
33 -75 -67 0
-49 72 -61 0
31 8 -37 0
57 -33 24 0
-30 63 -48 0
-23 -39 19 0
71 -69 25 0
6 34 -65 0
24 -18 54 0
62 26 -40 0
38 -53 68 0
-40 -20 70 0
11 -72 -58 0
-29 -33 -59 0
-7 23 -50 0
37 -74 -2 0
69 22 -61 0
-47 42 -65 0
14 -45 -55 0
21 60 -28 0
-9 -64 25 0
-7 -47 12 0
39 -57 67 0
74 24 17 0
21 -31 28 0
-54 2 -41 0
67 18 21 0
-7 42 26 0
-59 -50 23 0
-11 -10 -27 0
68 49 -55 0
74 -6 -37 0
52 -41 -33 0
15 34 64 0
73 -28 -53 0
-16 -19 -34 0
-16 -8 -10 0
2 -16 -60 0
14 54 -56 0
13 31 71 0
-53 26 48 0
-69 -42 8 0
24 60 -63 0
-18 26 -1 0
25 73 59 0
-56 -37 -23 0
61 -13 42 0
30 -67 44 0
50 -58 -48 0
21 -52 -23 0
7 -75 -21 0
-15 30 21 0
54 22 37 0
44 56 28 0
60 2 -19 0
-74 40 -4 0
40 -31 15 0
-3 41 -19 0
9 -25 51 0
-75 11 36 0
43 46 -54 0
-20 19 -75 0
28 68 -7 0
1 3 33 0
-50 35 -40 0
8 7 59 0
57 -26 -70 0
-8 -58 26 0
7 28 -16 0
60 75 -12 0
-38 -69 12 0
49 -33 -69 0
50 -25 29 0
-7 -68 18 0
41 50 59 0
-23 54 40 0
-67 -75 13 0
-48 -20 22 0
36 -42 12 0
56 -47 2 0
34 -12 25 0
17 -12 3 0
-15 11 29 0
-30 59 -52 0
67 15 43 0
12 69 -65 0
-57 22 -74 0
49 -15 -74 0
3 -15 23 0
-48 -17 26 0
-12 -1 -9 0
-32 -48 -44 0
-61 -27 -63 0
15 -6 -2 0
-64 29 40 0
-27 19 18 0
-2 -70 36 0
54 -55 -70 0
-62 -27 13 0
17 -1 35 0
26 3 62 0
-44 -4 38 0
68 34 60 0
40 61 56 0
-8 -21 11 0
43 7 -44 0
-26 11 -43 0
-27 -52 72 0
62 -8 -7 0
-49 -1 14 0
71 -37 52 0
21 -66 54 0
50 -68 26 0
6 -48 18 0
-12 -2 -35 0
75 46 -1 0
-22 13 29 0
21 43 10 0
7 52 -75 0
-70 25 -1 0
57 50 39 0
-46 66 52 0
73 74 61 0
59 71 -70 0
-39 23 -25 0
32 42 -13 0
-39 44 56 0
2 54 15 0
-58 -52 21 0
75 -5 -21 0
75 -11 29 0
-11 -29 -59 0
-16 -23 57 0
-37 29 40 0
59 47 -3 0
-53 -66 65 0
24 -27 -30 0
40 66 -19 0
19 29 61 0
17 54 15 0
43 53 45 0
54 14 -69 0
-38 -54 -74 0
37 17 69 0
-43 36 -71 0
-52 1 -10 0
45 -56 -37 0
-13 -49 27 0
55 -56 -10 0
-34 -21 -73 0
72 34 57 0
-34 64 49 0
59 38 -25 0
-4 8 48 0
-68 14 -46 0
-63 31 74 0
24 -10 -23 0
48 -29 69 0
11 -26 -65 0
28 27 61 0
21 -13 25 0
55 -58 -41 0
-39 -36 23 0
-34 -49 2 0
61 22 14 0
-60 -37 -54 0
9 -61 -15 0
-30 -19 18 0
56 25 -3 0
-44 -21 -56 0
-25 1 -35 0
23 46 -16 0
55 70 28 0
-18 -43 -1 0
-18 24 -7 0
-30 -53 -2 0
39 9 41 0
52 -49 -13 0
-63 31 -70 0
62 -21 -32 0
-75 -10 -49 0
-25 5 39 0
44 48 17 0
-54 48 -21 0
73 -25 -10 0
-71 5 -53 0
35 38 37 0
21 -28 33 0
-37 21 75 0
-2 53 -66 0
-61 -29 -13 0
15 32 -40 0
12 46 35 0
-74 3 44 0
-31 59 25 0
23 -7 -1 0
7 11 9 0
-68 -62 -37 0
14 -4 48 0
-26 13 -67 0
36 -43 -70 0
-74 -47 30 0
-4 8 -37 0
-18 -64 22 0
-63 59 29 0
65 -54 63 0
7 63 75 0
39 -50 69 0
-18 -27 74 0
64 41 56 0
s UNSATISFIABLE
d decisions 70
