c Random 3-SAT instance
c alpha = 8.5, N = 75, L = 637, instance = 37
p cnf 75 637
31 -44 38 0
-15 3 68 0
-5 4 -19 0
-37 35 74 0
8 50 -30 0
-12 33 -53 0
69 -24 62 0
61 -29 74 0
28 25 -49 0
-60 67 -19 0
35 -29 7 0
31 -49 70 0
20 -28 10 0
-64 -41 -24 0
50 23 46 0
-62 -13 51 0
19 8 53 0
64 5 18 0
46 -4 67 0
-37 -51 -24 0
-54 -57 69 0
13 54 37 0
-13 -33 -39 0
52 18 15 0
23 -69 -55 0
43 -58 6 0
-35 21 63 0
-53 41 69 0
-25 22 -58 0
-19 -16 -69 0
-26 8 -4 0
23 34 3 0
-68 69 44 0
35 -25 26 0
34 -44 -40 0
29 -27 68 0
-67 54 46 0
-36 -28 13 0
-65 -5 -14 0
-70 64 -46 0
68 -38 -7 0
-20 -65 -14 0
73 -56 4 0
-26 -44 56 0
-73 -15 -58 0
42 27 -2 0
-9 66 -63 0
-66 4 -72 0
38 49 -33 0
-44 47 5 0
48 -35 60 0
-8 -42 22 0
45 48 14 0
-1 27 -62 0
-32 33 -70 0
-38 73 -35 0
-20 45 -26 0
45 -63 24 0
-3 47 -7 0
-44 32 -41 0
-33 70 61 0
-65 59 15 0
-34 -51 9 0
22 -26 7 0
32 -30 74 0
-19 60 70 0
-13 5 -25 0
61 -58 17 0
70 48 -5 0
28 -32 2 0
34 -75 50 0
65 -22 -75 0
-66 -2 45 0
41 -54 -29 0
-65 5 31 0
18 -14 24 0
-37 15 66 0
32 16 -8 0
-60 -5 8 0
-28 56 -23 0
57 58 -43 0
18 -35 -46 0
-29 -59 31 0
52 18 58 0
54 -16 23 0
15 3 54 0
23 33 32 0
43 17 67 0
-61 -24 55 0
-44 -74 69 0
42 -7 41 0
49 50 62 0
65 -60 -22 0
24 39 -44 0
39 68 25 0
-38 -60 25 0
55 -20 16 0
-18 3 -71 0
12 -22 -10 0
-71 -9 -51 0
-39 -59 45 0
-58 30 -44 0
-54 -68 70 0
-4 42 33 0
-39 -6 -17 0
50 56 -46 0
-49 16 -70 0
21 -33 51 0
-39 16 27 0
40 1 -55 0
-6 -68 1 0
-15 -53 -40 0
-16 2 44 0
-44 13 -17 0
12 -16 7 0
-15 -41 11 0
26 -9 49 0
-6 30 37 0
-11 -74 71 0
15 49 68 0
-43 58 3 0
-73 -16 53 0
-37 65 -74 0
-57 -39 -14 0
-26 43 51 0
7 -41 -35 0
-74 -27 45 0
71 56 50 0
66 58 -5 0
58 -40 5 0
5 10 67 0
-56 24 -5 0
-68 -30 3 0
-73 -36 -67 0
60 -49 -5 0
-32 43 9 0
49 -32 -57 0
-33 -72 -64 0
-54 14 50 0
-56 -5 -1 0
56 -28 5 0
-7 45 -29 0
-4 34 -55 0
27 63 32 0
-30 -55 52 0
-54 9 -7 0
23 60 47 0
28 7 -49 0
4 -33 7 0
20 -50 -8 0
-9 -46 -42 0
22 58 -9 0
7 24 -37 0
-42 -5 1 0
-2 -29 -32 0
18 3 43 0
72 63 17 0
-42 -50 67 0
-68 54 49 0
8 18 43 0
34 72 48 0
-26 -13 -56 0
9 24 -51 0
39 -44 1 0
-12 37 -40 0
-33 -50 -1 0
-13 -8 14 0
57 -33 -14 0
-57 14 -49 0
-34 -67 32 0
1 20 -74 0
-1 -62 47 0
-6 48 65 0
52 -3 -28 0
-60 37 49 0
1 41 -7 0
-36 25 10 0
-39 -3 34 0
5 41 69 0
-17 11 44 0
-65 69 36 0
41 28 -44 0
-5 -67 -61 0
64 -45 48 0
18 57 7 0
-18 44 43 0
-58 51 -62 0
23 31 -73 0
22 -48 54 0
5 -39 46 0
-44 -15 -11 0
-28 30 -41 0
3 -18 -57 0
-60 -58 22 0
-47 23 22 0
-9 -3 22 0
-35 -7 -20 0
26 -40 74 0
-66 72 -45 0
5 -45 42 0
-46 -41 -32 0
2 -59 16 0
-74 37 12 0
66 30 57 0
65 33 -19 0
44 4 65 0
71 -43 61 0
44 34 24 0
-23 58 -37 0
-58 -70 -55 0
-67 -58 3 0
-36 -20 -62 0
-18 24 4 0
71 47 -56 0
-42 -41 -74 0
-11 -3 66 0
52 -45 -66 0
6 -36 -44 0
51 9 60 0
39 27 -57 0
-70 28 -40 0
-25 41 -29 0
-2 53 75 0
52 -21 37 0
5 -2 14 0
36 49 68 0
-8 -54 -2 0
4 41 -65 0
-58 9 67 0
52 -50 -71 0
-7 -70 -56 0
-46 12 -36 0
-13 9 20 0
-44 47 22 0
-22 -74 39 0
-61 -9 -74 0
37 31 44 0
17 3 5 0
13 -31 54 0
-2 -65 25 0
72 -61 -34 0
10 38 -33 0
-50 32 63 0
-33 24 -44 0
-72 29 49 0
3 8 -70 0
70 41 21 0
-47 -39 28 0
-5 16 11 0
-72 -15 50 0
30 11 73 0
-39 -16 31 0
-5 -31 75 0
-10 3 52 0
31 -35 61 0
18 -11 50 0
-66 -55 -8 0
-17 18 -62 0
-54 72 -30 0
-57 -14 11 0
3 -54 73 0
-60 19 8 0
-34 16 15 0
69 29 51 0
59 53 34 0
-69 -26 20 0
8 52 -2 0
9 13 14 0
-61 -51 25 0
-4 -22 -3 0
-64 -50 59 0
67 -19 -53 0
-26 -62 -41 0
29 64 49 0
71 40 -68 0
-32 26 41 0
46 -7 -2 0
-9 -43 -36 0
-17 -69 -44 0
61 53 13 0
-8 63 58 0
15 -37 -46 0
26 -51 41 0
-54 59 -75 0
-27 -75 -9 0
38 -11 -39 0
35 2 -59 0
-44 -51 -48 0
-40 -61 70 0
-37 31 64 0
60 -58 -42 0
-56 33 -74 0
27 10 71 0
-8 23 30 0
39 2 18 0
17 -3 54 0
66 -27 -64 0
12 37 65 0
60 5 -62 0
23 52 31 0
-5 -75 14 0
-34 -23 62 0
-2 27 14 0
-58 -57 -10 0
-40 39 -60 0
39 59 37 0
62 -72 -11 0
-53 -59 -10 0
-63 48 52 0
-68 38 -23 0
44 55 74 0
-12 25 -66 0
-11 -41 24 0
-26 -43 28 0
-32 63 -30 0
-4 -18 12 0
17 58 -67 0
-50 26 -49 0
43 -7 -74 0
41 40 46 0
-47 -33 -12 0
-19 72 -54 0
48 25 68 0
-71 -62 -51 0
47 58 38 0
-5 65 -52 0
-31 73 -39 0
-43 17 -11 0
-50 -56 -20 0
54 -7 12 0
34 27 2 0
-64 -5 13 0
20 -49 44 0
-20 2 -59 0
-29 -37 18 0
10 2 3 0
53 68 46 0
-60 68 17 0
-57 27 44 0
65 51 -37 0
34 36 7 0
-54 49 -61 0
-55 -12 24 0
-18 -55 -58 0
30 -58 68 0
-47 -23 -46 0
-51 42 35 0
40 -70 37 0
24 33 -7 0
-54 75 18 0
-29 72 40 0
13 -35 64 0
-60 65 -5 0
-42 -25 4 0
27 41 64 0
60 61 2 0
65 -51 17 0
11 66 -9 0
21 -29 65 0
27 57 -66 0
70 -49 17 0
62 36 -8 0
48 -60 46 0
15 -58 65 0
38 -69 -48 0
-56 19 -48 0
52 54 -1 0
63 52 19 0
-10 32 -64 0
-59 -56 60 0
-18 75 32 0
-66 30 -36 0
38 -73 -6 0
2 1 25 0
34 40 23 0
25 -36 1 0
-41 -69 -54 0
47 -10 -21 0
13 2 -73 0
-46 49 -12 0
-43 -68 -44 0
40 47 70 0
39 -3 -71 0
-52 69 -66 0
33 7 -71 0
4 -39 -21 0
-42 32 -20 0
-17 -48 -20 0
54 38 -55 0
-17 -71 -40 0
37 -46 72 0
69 54 -2 0
-16 -14 -49 0
-32 28 -39 0
-43 -35 -19 0
-55 -42 72 0
-21 55 -24 0
-40 -36 -37 0
17 10 16 0
3 -48 71 0
27 24 -66 0
58 -65 -2 0
-28 27 -37 0
-11 57 -44 0
-61 -29 -45 0
-16 -17 -4 0
62 -2 69 0
-47 -12 -25 0
-26 24 -31 0
-61 -71 -19 0
-59 3 -38 0
63 18 60 0
40 60 58 0
12 45 -9 0
-54 -61 1 0
-75 46 41 0
47 15 25 0
28 -19 27 0
-62 -7 4 0
37 56 13 0
-65 -42 6 0
66 38 -71 0
59 -61 -64 0
-13 1 7 0
53 36 12 0
-39 -60 38 0
39 -37 22 0
66 16 -51 0
20 -59 56 0
45 -54 15 0
47 69 26 0
47 -18 -23 0
20 33 -1 0
32 -69 -17 0
-44 24 -41 0
73 39 -70 0
74 15 71 0
-43 18 67 0
-49 73 34 0
-23 -66 -11 0
-17 -48 55 0
34 33 -7 0
-56 24 20 0
-3 26 -24 0
74 -8 -55 0
-47 51 -9 0
9 75 55 0
-44 -24 -70 0
73 -28 74 0
33 -68 -25 0
75 -12 -22 0
-73 -45 -62 0
-15 37 40 0
-2 35 -66 0
2 4 67 0
70 14 47 0
-38 29 23 0
36 50 -43 0
75 62 -40 0
47 39 18 0
31 3 -75 0
-30 12 -60 0
45 -9 19 0
40 64 57 0
-57 72 -16 0
13 65 40 0
-17 60 -31 0
33 75 -2 0
10 27 33 0
-57 -9 -61 0
7 58 -32 0
36 68 -8 0
-7 -51 -39 0
9 23 -55 0
-14 18 29 0
-15 61 62 0
-22 -42 -41 0
4 60 52 0
33 13 28 0
57 -17 -43 0
-34 -4 74 0
-23 62 -74 0
-17 56 64 0
61 -75 -11 0
19 46 -14 0
53 15 -30 0
-71 -26 -6 0
43 -54 -53 0
-28 63 46 0
5 -75 8 0
75 55 -15 0
-12 4 -63 0
-44 -51 -73 0
-26 -46 35 0
-49 -65 32 0
-18 22 -24 0
-15 -49 35 0
-3 60 11 0
71 44 59 0
25 68 -45 0
-63 22 2 0
-60 -67 -28 0
-38 -22 -23 0
5 -20 -64 0
27 31 -32 0
-17 69 -2 0
65 23 -66 0
-66 20 56 0
-20 -49 44 0
-33 -14 22 0
-75 -50 -37 0
-30 45 -26 0
-62 27 42 0
-23 -69 45 0
19 -51 -34 0
-70 75 1 0
-73 63 -34 0
-34 36 62 0
-60 -40 51 0
40 -14 -60 0
-69 28 -37 0
-62 14 30 0
-3 -18 -66 0
56 -51 61 0
60 -50 13 0
-54 1 -44 0
10 62 -15 0
18 1 -19 0
4 63 -47 0
-3 71 -51 0
-38 56 74 0
-72 60 2 0
-9 50 -3 0
47 -27 -34 0
19 33 -30 0
11 -74 -62 0
17 42 -52 0
-47 -49 70 0
67 -28 -24 0
8 9 -58 0
4 44 39 0
24 62 66 0
-48 -26 -61 0
-27 -2 57 0
52 50 -4 0
71 13 72 0
-67 75 13 0
70 75 4 0
36 -47 35 0
73 -42 -35 0
61 -30 32 0
5 16 -1 0
-1 -45 3 0
-62 35 12 0
-13 -17 -57 0
-39 40 75 0
-17 -31 74 0
-45 -62 -34 0
-19 7 -13 0
43 -71 -51 0
-53 -21 26 0
-9 -53 -68 0
-20 -13 52 0
26 24 19 0
-21 -22 -24 0
-28 -48 -72 0
5 57 -75 0
68 -38 12 0
30 19 -32 0
-67 -48 -41 0
14 61 -47 0
-58 61 60 0
49 14 70 0
-59 39 -66 0
24 -3 62 0
-56 51 -10 0
46 18 56 0
62 18 -70 0
5 -24 -12 0
48 41 -44 0
-70 63 -44 0
29 -36 65 0
-15 -33 34 0
-67 -16 -15 0
75 6 -7 0
-42 64 -49 0
14 -49 -69 0
-41 14 -33 0
-67 28 -40 0
-18 -45 -11 0
-45 19 32 0
-15 -9 -45 0
-74 63 56 0
45 26 -52 0
67 -19 53 0
46 66 -47 0
-29 -60 58 0
-24 44 -35 0
-58 -35 55 0
-12 -9 56 0
31 67 8 0
8 -25 39 0
-4 3 -74 0
41 58 47 0
-24 43 49 0
41 64 62 0
55 -68 37 0
28 -60 -4 0
-42 -20 -41 0
75 46 -37 0
-1 -75 60 0
65 14 -49 0
-14 -51 -10 0
23 5 62 0
24 -16 -46 0
-5 46 -38 0
-75 -36 4 0
-45 59 35 0
49 45 15 0
-37 66 30 0
-42 -63 -14 0
-31 48 58 0
-4 -34 -27 0
46 55 -22 0
48 -63 18 0
51 61 -42 0
72 -43 -14 0
29 -50 53 0
-33 -3 -35 0
-62 39 -45 0
-35 -63 -22 0
49 -25 -72 0
39 -73 30 0
-65 5 -25 0
-23 -4 71 0
-10 38 -53 0
38 33 -56 0
s UNSATISFIABLE
d decisions 35
