c Random 3-SAT instance
c alpha = 5.5, N = 75, L = 412, instance = 123
p cnf 75 412
62 8 -67 0
-7 36 56 0
8 -4 -40 0
-13 -9 -75 0
-47 69 -29 0
-37 -13 -17 0
22 54 -6 0
-35 37 61 0
-15 27 -35 0
-70 -32 68 0
-26 15 24 0
-52 -14 -37 0
31 -40 23 0
-44 16 -21 0
41 -37 9 0
-60 42 -66 0
50 47 -52 0
-37 15 43 0
38 21 -28 0
-4 -74 -64 0
-2 -36 -13 0
-45 47 -14 0
41 -47 -24 0
30 -50 -11 0
39 -8 -2 0
19 -51 -32 0
51 -35 69 0
16 37 40 0
-23 14 -48 0
45 2 15 0
-21 -73 56 0
-35 -10 -23 0
9 52 -14 0
-20 4 47 0
3 -48 -56 0
8 -27 11 0
-13 74 48 0
53 9 -65 0
-65 58 -7 0
-33 -53 -71 0
-1 -31 -27 0
-16 -30 -73 0
54 65 14 0
44 -21 30 0
22 -16 8 0
38 -57 -36 0
17 -62 -64 0
-64 -10 58 0
-62 -60 -49 0
-67 28 25 0
16 25 18 0
-66 -64 28 0
-53 -22 -14 0
-45 -3 33 0
34 -22 -14 0
-66 -9 -12 0
52 65 -62 0
-39 20 14 0
-46 68 36 0
49 -18 -62 0
-31 -47 -48 0
-1 -28 72 0
-51 -19 -34 0
-50 34 -63 0
-41 43 36 0
-48 18 -36 0
29 62 -22 0
-36 -28 34 0
42 28 15 0
-44 57 -66 0
-27 -65 16 0
-52 73 -24 0
-48 27 56 0
31 -45 51 0
-49 6 29 0
-67 40 32 0
5 56 -50 0
61 -70 -11 0
-20 -3 -44 0
45 57 -56 0
3 -41 23 0
41 -37 -43 0
-52 -53 -14 0
-40 -13 35 0
-49 6 -24 0
-42 22 36 0
-23 -49 -38 0
28 63 66 0
9 18 -20 0
-47 42 -9 0
-67 -1 -34 0
-20 -32 3 0
-34 -49 39 0
59 15 -51 0
73 22 61 0
4 14 -32 0
-17 -5 -46 0
39 -65 57 0
11 -60 20 0
20 -72 21 0
-1 5 -46 0
-49 27 23 0
-8 46 -14 0
-50 -36 -33 0
-16 -67 61 0
-26 -48 -58 0
-29 60 -20 0
60 -16 13 0
-29 -6 -25 0
23 -73 -39 0
44 -46 -51 0
-53 -38 7 0
38 -47 62 0
-58 -46 -52 0
15 -50 -30 0
-56 31 28 0
-50 73 -1 0
-43 -28 -2 0
40 55 -65 0
-50 4 -9 0
3 -70 -47 0
4 54 -47 0
20 -26 30 0
-59 -74 -33 0
-27 -35 -12 0
60 -64 34 0
15 6 -28 0
14 21 -24 0
41 -50 22 0
-15 64 10 0
-65 49 1 0
-47 -50 -35 0
8 1 -35 0
-17 5 -37 0
47 67 17 0
56 15 -60 0
-55 11 27 0
61 -36 -67 0
-38 -57 -65 0
7 58 -45 0
-6 25 -58 0
-41 61 -70 0
-41 62 43 0
75 10 54 0
40 -14 -43 0
-5 -16 -66 0
-12 73 52 0
-7 -37 21 0
43 13 -41 0
42 30 -39 0
-72 73 -13 0
71 -7 -44 0
-14 6 62 0
-27 60 -34 0
-68 -73 47 0
-19 1 -52 0
30 -32 75 0
-1 55 4 0
22 -7 -55 0
-27 6 7 0
-60 -71 -28 0
51 58 -63 0
-47 12 1 0
30 -35 60 0
-56 -59 -64 0
-27 73 38 0
-60 -49 -68 0
-73 -29 62 0
75 -50 24 0
14 -19 -23 0
-15 8 43 0
13 40 -57 0
45 2 4 0
6 35 9 0
-68 -73 40 0
45 -68 6 0
42 32 25 0
23 -28 62 0
2 -55 9 0
-69 21 43 0
67 5 62 0
58 -13 -61 0
21 4 13 0
-43 75 51 0
-60 -49 -5 0
36 47 -44 0
-24 17 -70 0
45 -20 -16 0
-13 5 40 0
-46 29 -66 0
50 26 -9 0
-14 34 -28 0
30 -26 -17 0
48 -51 -21 0
-44 -73 -9 0
-6 64 29 0
60 -11 66 0
38 -45 -46 0
19 -66 68 0
-55 -67 31 0
4 -70 -73 0
32 47 16 0
55 6 16 0
-53 14 -38 0
-59 60 -20 0
74 48 59 0
-58 -41 -65 0
32 29 33 0
35 -25 39 0
69 -35 61 0
-31 68 -55 0
4 -75 65 0
-59 56 -47 0
4 -15 72 0
-21 11 20 0
-38 26 1 0
7 66 -11 0
63 9 25 0
36 -37 -46 0
48 50 -40 0
-67 26 -74 0
-73 -39 -69 0
58 68 20 0
17 74 35 0
4 29 42 0
-38 -64 53 0
-75 -36 -13 0
-44 50 -29 0
-25 61 -69 0
27 71 -53 0
40 -56 -13 0
-2 -60 3 0
-50 -52 -72 0
33 34 8 0
24 -18 14 0
-56 -68 -28 0
-72 -35 57 0
-64 -34 75 0
-4 -24 -11 0
-68 17 -20 0
3 -23 13 0
71 68 30 0
19 1 43 0
41 12 51 0
-59 -23 -9 0
-60 63 58 0
51 69 -8 0
-43 31 -69 0
12 17 -63 0
2 12 -14 0
-22 30 -59 0
8 17 34 0
46 20 -75 0
43 -30 56 0
28 73 -31 0
25 -58 23 0
66 13 57 0
-13 61 -21 0
30 31 12 0
-10 9 22 0
37 -71 -75 0
51 -6 -3 0
-57 72 28 0
-73 57 -59 0
46 13 -49 0
-50 -53 -67 0
24 28 33 0
-11 -56 69 0
47 -46 73 0
-67 -33 -16 0
1 38 47 0
-75 -13 -18 0
39 -50 -16 0
44 -37 -24 0
-68 5 -64 0
-5 66 -43 0
-29 -5 -69 0
36 -15 -72 0
-22 29 13 0
-50 59 68 0
13 65 -44 0
26 17 29 0
70 61 75 0
-60 -73 7 0
72 -18 75 0
-14 47 -71 0
32 -71 -44 0
-55 60 75 0
-30 35 -51 0
19 -62 47 0
-44 -29 37 0
-43 -47 54 0
-34 -64 4 0
15 -19 23 0
-1 34 9 0
56 -45 73 0
-15 -19 -41 0
-64 3 27 0
72 24 -67 0
-70 9 44 0
-37 -64 -8 0
-15 -38 30 0
-20 67 -19 0
53 -74 30 0
-24 72 -51 0
59 -33 -10 0
-2 -51 -30 0
-39 22 -11 0
50 -27 -68 0
-49 -66 39 0
15 34 49 0
72 44 68 0
-45 30 60 0
5 -53 -43 0
66 -39 46 0
21 41 -75 0
-37 34 12 0
-33 50 18 0
-2 41 -16 0
65 -37 -26 0
-60 -32 37 0
-67 24 -59 0
-33 72 7 0
-1 41 -53 0
-37 72 69 0
42 43 -60 0
-1 -36 67 0
-74 -5 -50 0
54 -17 -42 0
-11 73 59 0
27 -45 -36 0
-37 -18 -5 0
49 32 36 0
13 -56 -55 0
-52 34 -8 0
68 71 59 0
-46 -41 -23 0
55 -39 -14 0
-25 59 14 0
49 38 -28 0
-50 66 -71 0
-38 50 36 0
4 -17 67 0
-20 23 -44 0
48 -24 -36 0
52 27 38 0
34 15 -63 0
-20 9 35 0
44 50 -70 0
20 40 57 0
57 -40 11 0
72 -12 60 0
-60 38 -11 0
-15 -54 -29 0
70 -56 10 0
42 40 2 0
-54 31 -50 0
-33 56 52 0
61 3 21 0
-71 30 25 0
-67 55 -27 0
49 24 -37 0
-68 -14 -5 0
-34 -35 -74 0
11 51 -19 0
20 -2 25 0
71 -19 -31 0
-40 5 -39 0
23 -8 6 0
18 -72 -20 0
65 19 64 0
-27 -64 -75 0
-7 -33 -56 0
-72 65 67 0
23 -37 -42 0
35 -23 21 0
74 10 35 0
-62 21 -10 0
59 -7 -31 0
47 -49 7 0
-59 -42 -4 0
-54 15 4 0
-74 22 -18 0
-8 -61 -75 0
-4 -14 21 0
-52 -61 34 0
71 67 -38 0
-8 26 -49 0
8 28 -71 0
41 2 -32 0
-32 56 -21 0
68 7 30 0
2 -47 -41 0
75 28 -57 0
47 2 49 0
64 -37 -29 0
-62 -70 -38 0
30 -68 45 0
-2 -27 -54 0
54 -35 67 0
4 -8 -53 0
38 -37 19 0
31 -61 -15 0
-6 -45 53 0
49 48 -64 0
43 -55 -47 0
25 9 60 0
65 12 11 0
4 -59 -70 0
20 -30 -64 0
-50 36 -22 0
-60 57 29 0
s UNSATISFIABLE
d decisions 123
