c Random 3-SAT instance
c alpha = 7.0, N = 75, L = 525, instance = 244
p cnf 75 525
57 -12 65 0
33 -36 -44 0
-27 54 -25 0
-6 -48 -61 0
69 -53 26 0
37 25 48 0
-11 -49 -73 0
-65 4 51 0
53 -35 11 0
40 -6 -44 0
44 56 -7 0
-32 46 63 0
61 6 30 0
64 53 22 0
-19 60 6 0
-15 -59 35 0
55 26 -9 0
74 -51 -58 0
37 -69 -9 0
-23 38 -46 0
-13 -1 -27 0
-60 44 -27 0
-18 -56 62 0
29 -70 64 0
-65 21 31 0
-51 6 -19 0
-22 21 32 0
-66 15 2 0
73 -10 -15 0
-75 28 -1 0
-35 -55 9 0
7 32 -71 0
-15 -57 40 0
20 -55 63 0
61 56 20 0
57 -52 -66 0
-52 -13 -4 0
71 -61 49 0
-36 -23 69 0
24 -49 -16 0
-1 -4 -75 0
56 -10 -67 0
55 47 -4 0
60 -38 25 0
-39 -24 -6 0
-18 -15 -8 0
-55 -27 57 0
75 -63 -51 0
58 39 -38 0
-42 57 -21 0
-12 -55 -22 0
69 13 70 0
13 10 -4 0
25 69 31 0
-42 32 -44 0
66 41 -59 0
63 71 65 0
-21 47 -6 0
70 54 -45 0
-66 33 31 0
-51 42 59 0
45 -7 -20 0
58 59 4 0
-4 36 69 0
-15 47 57 0
-38 74 -16 0
35 15 -9 0
-61 17 -39 0
27 13 12 0
-12 -63 51 0
9 57 34 0
51 -27 50 0
-17 33 -19 0
-40 67 34 0
-69 -70 -51 0
5 28 39 0
74 -70 -56 0
-61 -1 73 0
-44 74 53 0
73 -1 -52 0
1 -57 33 0
-46 -16 -47 0
11 63 45 0
49 -15 52 0
-10 41 28 0
-23 -39 -6 0
63 -54 -56 0
5 26 -41 0
36 71 -40 0
37 65 -72 0
-34 4 20 0
-5 18 24 0
-9 -70 71 0
-32 44 28 0
28 11 -45 0
40 35 -39 0
-74 -31 40 0
-30 14 5 0
15 23 63 0
-74 -54 58 0
-27 -73 -32 0
20 2 -32 0
-24 44 28 0
31 50 4 0
-58 23 -15 0
35 24 -41 0
2 11 62 0
-62 -30 -1 0
23 22 -1 0
54 55 56 0
-26 -48 27 0
-30 53 48 0
11 21 -45 0
-1 -38 -50 0
50 64 28 0
30 -57 21 0
69 45 55 0
10 23 -25 0
32 -28 53 0
-6 25 -39 0
-55 40 5 0
-14 31 61 0
65 43 57 0
-24 47 22 0
8 -65 -73 0
72 -60 26 0
-54 -22 2 0
72 -57 -40 0
32 -27 65 0
54 27 -65 0
-33 67 -6 0
75 -61 -15 0
-35 28 -58 0
33 -1 -25 0
9 -27 -49 0
-73 -53 54 0
-32 29 31 0
39 -42 -67 0
-21 70 -28 0
-75 -72 42 0
-30 -19 -70 0
5 3 -47 0
48 -58 -17 0
-23 71 59 0
-69 -15 44 0
-71 61 65 0
-19 55 -65 0
-44 -37 18 0
66 25 -1 0
-6 14 -32 0
23 19 8 0
-55 -12 46 0
-47 63 34 0
-75 -72 68 0
-25 -6 -20 0
56 -41 35 0
-49 -70 -2 0
-27 -55 47 0
60 -68 -45 0
37 -29 20 0
-71 -61 -67 0
23 3 48 0
34 38 -24 0
-53 39 8 0
-36 46 52 0
56 -46 3 0
-13 21 64 0
-11 69 67 0
-16 -56 75 0
-34 -70 -74 0
30 15 46 0
26 -73 42 0
59 -15 68 0
8 66 30 0
20 -31 62 0
-71 43 58 0
2 20 -62 0
55 41 -30 0
42 -48 -5 0
2 62 3 0
-8 2 -61 0
34 -41 72 0
29 41 36 0
24 25 59 0
37 21 19 0
59 63 -30 0
46 22 -38 0
-56 -69 -41 0
43 -3 24 0
30 19 24 0
69 64 7 0
29 -46 43 0
-38 -20 -48 0
-15 -10 59 0
-53 55 23 0
23 37 -19 0
69 28 68 0
-9 -20 68 0
71 -36 16 0
-71 22 37 0
54 20 -56 0
-10 65 -37 0
38 -20 44 0
34 -4 29 0
29 -72 50 0
-10 73 -9 0
45 -63 -21 0
14 40 41 0
25 -3 -33 0
-59 -41 -11 0
-38 11 32 0
-11 -49 -65 0
-31 39 36 0
-56 -71 -15 0
56 4 62 0
58 -46 3 0
-55 -32 1 0
14 63 66 0
46 43 49 0
33 -12 -8 0
65 22 -35 0
-46 38 -24 0
-29 47 -67 0
74 -3 27 0
-38 40 16 0
17 8 15 0
-65 43 62 0
-36 23 38 0
-1 16 64 0
-5 -38 -10 0
56 31 -72 0
-36 18 -57 0
-73 64 70 0
-39 2 -28 0
1 -7 -67 0
-59 -45 3 0
12 -40 38 0
16 -12 41 0
-20 -44 -43 0
70 69 66 0
29 -73 -71 0
-58 37 60 0
59 19 34 0
-64 -69 75 0
-30 -3 -51 0
-15 28 -71 0
-55 48 35 0
67 -9 22 0
15 -23 -55 0
-27 -13 25 0
65 -68 -17 0
-37 -47 -46 0
-66 -12 -52 0
22 -11 -59 0
40 -2 12 0
-10 25 -18 0
56 -40 -27 0
55 -38 4 0
73 -60 -67 0
20 63 -11 0
61 59 64 0
-58 29 66 0
27 40 -50 0
-4 -13 42 0
30 48 22 0
2 -48 68 0
67 -54 -73 0
11 58 -26 0
-73 -26 69 0
-75 51 -67 0
2 -28 -59 0
-69 -14 -13 0
63 -20 -26 0
-21 -51 -53 0
-32 -51 75 0
5 59 -25 0
15 38 25 0
10 -17 -25 0
-52 48 -61 0
-36 35 -52 0
64 40 -39 0
16 20 65 0
39 2 -74 0
-34 -11 -56 0
11 -23 45 0
-54 13 40 0
53 -67 -66 0
-4 53 12 0
20 -56 -46 0
16 -56 -18 0
-21 -16 -15 0
-24 10 68 0
52 75 -48 0
63 32 24 0
-20 69 -31 0
45 -57 8 0
2 9 36 0
14 36 -73 0
-57 -10 22 0
32 -45 -9 0
36 45 -64 0
-34 75 74 0
57 -75 -28 0
-2 19 -4 0
27 -49 -73 0
43 -5 61 0
-64 -38 -5 0
41 -36 -63 0
-72 -16 34 0
-30 -45 -47 0
57 59 54 0
-53 41 -30 0
-50 -25 -66 0
36 60 -35 0
-33 16 10 0
-28 23 9 0
20 -31 40 0
-65 -29 24 0
-64 -39 -5 0
-63 -14 -53 0
29 -75 31 0
-14 -61 41 0
51 9 13 0
21 -57 -67 0
24 46 48 0
38 -64 14 0
54 49 -29 0
35 59 58 0
-45 70 -62 0
68 -10 41 0
14 30 49 0
14 60 62 0
-68 17 -70 0
60 20 -56 0
43 -1 3 0
-53 18 36 0
48 -58 -36 0
-64 -68 -35 0
63 -59 18 0
44 56 29 0
-32 -65 -39 0
31 59 25 0
2 -31 -48 0
58 -48 -65 0
14 59 -44 0
-36 -55 39 0
37 -17 -10 0
5 21 65 0
-58 6 -3 0
-54 -39 63 0
-40 -22 8 0
-40 68 43 0
-10 -56 -39 0
-40 -25 -23 0
-40 -13 -7 0
-53 -30 -36 0
-67 -32 -10 0
-35 15 28 0
49 -70 -37 0
-37 14 50 0
-46 28 21 0
-51 -1 -72 0
35 30 70 0
70 73 -59 0
-52 -50 -49 0
-52 26 -16 0
-33 -6 -48 0
26 -35 23 0
-57 40 -9 0
72 74 -14 0
-9 -23 -49 0
4 55 72 0
1 -71 -68 0
61 46 -33 0
52 74 -15 0
-39 -24 -46 0
-52 -26 27 0
74 -25 39 0
53 -8 24 0
-57 -67 1 0
-18 8 34 0
35 -7 -52 0
-5 18 -68 0
-68 45 40 0
-12 73 -36 0
66 -57 -72 0
-69 56 58 0
12 57 -14 0
30 -37 -62 0
4 31 -7 0
-25 50 -57 0
9 13 18 0
-10 -54 -7 0
30 19 29 0
28 -19 -38 0
-29 6 -23 0
-53 16 -8 0
-58 -60 31 0
-2 20 14 0
-8 -51 72 0
-2 -35 43 0
15 -51 25 0
-50 54 66 0
-6 57 -1 0
10 -26 -4 0
-48 -28 -62 0
9 -34 75 0
75 27 45 0
-46 -71 -44 0
-26 47 74 0
-63 16 74 0
-49 58 -6 0
-14 -24 50 0
66 70 -26 0
-62 49 15 0
65 48 59 0
-28 -4 19 0
60 -20 -50 0
-75 40 27 0
-4 -1 9 0
-12 -32 -26 0
33 53 -24 0
64 47 20 0
-17 -54 72 0
2 -56 -75 0
4 55 -31 0
39 -60 28 0
-1 75 44 0
-69 -65 32 0
42 -60 -74 0
-18 54 -28 0
35 66 11 0
64 61 -17 0
75 -23 11 0
48 -46 3 0
-50 -39 65 0
3 35 53 0
26 -71 -46 0
10 -73 -51 0
62 -74 -28 0
-17 -4 64 0
-8 28 36 0
28 59 -62 0
-45 3 -66 0
-4 9 70 0
-58 48 27 0
34 -23 -65 0
32 -3 -75 0
-34 1 70 0
-21 19 18 0
-29 -39 -71 0
-75 10 73 0
1 72 38 0
-73 64 36 0
16 7 -66 0
-43 15 -56 0
63 -7 24 0
22 -41 51 0
56 -11 -12 0
62 -24 10 0
47 30 -28 0
-67 71 -37 0
66 64 -16 0
54 50 -66 0
74 -36 52 0
27 40 -2 0
9 60 -22 0
22 -69 57 0
7 -50 36 0
-37 73 8 0
5 47 -63 0
6 62 29 0
14 -17 51 0
75 51 54 0
-28 -35 56 0
-39 -53 -64 0
4 11 -45 0
66 -18 -31 0
25 -33 -63 0
60 -27 -31 0
-14 -63 59 0
31 -9 61 0
-57 -37 -8 0
2 -21 45 0
63 -3 -47 0
-66 26 -31 0
-67 -33 -45 0
28 -54 -65 0
-23 -52 54 0
-33 29 47 0
14 -9 8 0
22 -55 -48 0
55 26 63 0
-10 -24 55 0
35 -4 -65 0
57 -20 3 0
-16 -5 -33 0
-54 52 38 0
64 -38 75 0
-3 72 24 0
-32 70 44 0
-54 29 -15 0
-11 75 12 0
54 -31 38 0
25 47 -13 0
29 -9 64 0
-11 57 -64 0
-7 71 -21 0
6 17 46 0
34 -52 -57 0
56 51 -31 0
-58 59 -38 0
-26 74 6 0
-26 -38 -69 0
-30 73 36 0
51 -57 62 0
28 -19 36 0
-22 -3 5 0
46 30 -2 0
18 -16 -33 0
65 72 -21 0
-58 57 -37 0
-31 5 -51 0
-38 46 -63 0
24 54 -66 0
s UNSATISFIABLE
d decisions 49
