c Random 3-SAT instance
c alpha = 8.0, N = 75, L = 600, instance = 253
p cnf 75 600
-47 -56 -43 0
-30 45 -38 0
63 69 -4 0
-12 -21 -48 0
17 51 73 0
-72 48 -34 0
33 51 28 0
-14 -24 -54 0
-61 -11 55 0
-21 -63 -15 0
51 37 -22 0
38 -47 65 0
43 -47 -12 0
-43 18 -26 0
31 59 -51 0
-42 -53 39 0
60 -14 -74 0
55 -63 -30 0
60 -59 2 0
47 -63 49 0
-55 7 -22 0
52 -69 43 0
-20 45 -68 0
-65 -34 22 0
34 -21 53 0
-8 -65 -6 0
-6 39 45 0
-65 68 24 0
-28 48 13 0
68 9 71 0
12 45 -3 0
-68 65 13 0
66 -48 -22 0
17 63 62 0
-74 -20 -17 0
5 63 -74 0
65 -21 -11 0
68 72 -40 0
12 -28 4 0
41 -17 73 0
-7 51 29 0
67 31 -44 0
-75 69 68 0
36 11 -56 0
47 -59 61 0
25 -35 -45 0
-26 34 3 0
-24 39 31 0
21 24 -61 0
-15 47 -61 0
-48 74 41 0
17 45 -1 0
17 21 -15 0
41 -54 -7 0
75 18 -1 0
30 -51 72 0
74 -54 57 0
22 -39 4 0
35 1 -45 0
22 72 51 0
-8 -18 39 0
-72 59 -12 0
47 -21 20 0
51 -56 42 0
14 -51 -62 0
35 -3 -48 0
-18 -70 50 0
-46 9 38 0
19 -1 15 0
-14 -27 4 0
36 -74 -12 0
-15 51 -65 0
-51 -54 -72 0
38 58 51 0
51 -75 -58 0
-57 -35 34 0
24 32 -71 0
72 23 61 0
37 4 -70 0
-53 -65 -24 0
-9 -52 17 0
16 19 -55 0
24 -43 46 0
73 52 43 0
-7 27 42 0
27 64 73 0
67 -26 -36 0
49 56 -32 0
61 -70 6 0
11 -62 65 0
18 -25 42 0
-60 24 -17 0
30 74 -59 0
64 -52 9 0
32 -71 22 0
-64 17 -52 0
29 25 57 0
52 38 -57 0
-10 36 6 0
-64 37 10 0
-20 61 36 0
38 -4 58 0
-13 60 50 0
-4 72 17 0
-18 -29 -68 0
59 1 69 0
30 37 24 0
-21 74 -43 0
-1 -66 69 0
14 -15 28 0
-30 51 -1 0
45 -38 -22 0
-67 60 -16 0
-14 -3 -30 0
2 -50 -49 0
-30 -19 8 0
41 -4 20 0
2 14 37 0
-49 3 33 0
-75 -72 -70 0
-55 63 -42 0
58 -17 -39 0
66 -53 -40 0
54 -58 -4 0
-11 18 -37 0
-53 -59 3 0
-53 6 -51 0
29 35 3 0
30 -66 34 0
55 -18 69 0
-29 -69 68 0
56 4 -50 0
-34 13 36 0
-11 -26 61 0
42 7 1 0
-71 7 32 0
-58 22 72 0
61 -28 -43 0
-67 -33 -64 0
63 -30 -43 0
-14 62 -27 0
14 -42 46 0
-51 18 25 0
66 -41 73 0
-69 -65 -59 0
22 -47 39 0
73 -36 21 0
-29 -50 34 0
57 3 59 0
35 23 21 0
-62 63 -1 0
-13 65 68 0
29 -1 -13 0
34 -9 -18 0
39 70 -1 0
43 29 -6 0
55 -45 29 0
55 -13 26 0
-4 -31 -58 0
-63 72 6 0
65 43 35 0
-53 10 8 0
52 17 -3 0
23 -6 -64 0
12 59 39 0
-39 34 19 0
69 35 -20 0
-72 -48 71 0
7 10 -32 0
-46 -71 -45 0
-3 -61 -39 0
57 -72 47 0
-35 71 13 0
-65 64 45 0
10 45 3 0
29 62 -61 0
32 -63 -28 0
41 46 -70 0
-2 -22 48 0
-16 -7 -2 0
64 -14 19 0
-33 -50 15 0
58 -26 12 0
4 45 52 0
39 -53 -73 0
58 -16 12 0
3 37 -38 0
39 60 -70 0
75 -34 -10 0
13 29 55 0
23 4 -29 0
-36 62 -6 0
-10 64 62 0
14 19 39 0
17 19 68 0
63 -30 -5 0
74 35 -26 0
-17 14 -64 0
-3 -12 -73 0
-62 -71 47 0
-29 -47 53 0
-66 -32 -60 0
27 20 -43 0
-26 -10 43 0
63 -51 -43 0
11 -44 -17 0
-16 66 -5 0
14 25 35 0
-14 -50 -43 0
15 -65 -55 0
-48 -70 -12 0
-26 -8 16 0
6 -31 -7 0
28 44 35 0
25 -32 73 0
-7 -19 62 0
-23 -66 -30 0
22 11 51 0
31 15 -38 0
-60 -52 -16 0
-20 55 -39 0
-64 -29 41 0
40 64 65 0
30 -51 -6 0
44 -35 -27 0
35 -18 -6 0
37 -6 64 0
-34 -17 68 0
-22 -16 3 0
-31 -48 -74 0
-71 21 -59 0
-61 -15 -6 0
6 46 -44 0
44 10 -13 0
-32 23 -8 0
-66 74 -17 0
-43 47 59 0
-15 -42 -10 0
-47 -14 26 0
-30 42 -18 0
42 72 -39 0
29 -64 6 0
-9 10 26 0
-32 74 49 0
-15 9 -42 0
63 29 65 0
43 50 58 0
-35 -2 -48 0
5 -45 6 0
-19 70 50 0
-72 -52 21 0
-18 -39 49 0
70 41 7 0
71 25 27 0
-60 -59 30 0
-1 9 71 0
3 -51 9 0
44 52 -67 0
67 54 28 0
25 66 -73 0
51 -28 4 0
25 58 -32 0
-33 19 -73 0
-7 -60 -13 0
-3 58 -56 0
-61 -13 -4 0
8 -9 -73 0
-4 34 42 0
74 4 -8 0
-3 29 -16 0
-21 17 1 0
42 71 20 0
-27 -53 -35 0
73 -52 -39 0
-40 -8 -6 0
12 -17 -27 0
-48 74 8 0
-15 63 62 0
11 -71 46 0
70 37 62 0
4 11 47 0
69 -71 -9 0
-2 30 -6 0
-53 -12 -50 0
59 67 -51 0
44 -9 51 0
-64 60 19 0
-6 -61 64 0
-52 74 -29 0
17 32 -21 0
22 -38 48 0
12 68 -36 0
-64 63 61 0
-53 -46 -33 0
74 -69 -19 0
-72 -13 32 0
68 49 -61 0
15 -27 -66 0
25 -72 -23 0
71 -55 49 0
68 -67 55 0
75 61 -49 0
8 -55 73 0
-7 -21 46 0
-3 11 8 0
11 -42 24 0
35 45 -62 0
-27 -70 24 0
66 12 34 0
72 10 46 0
43 -1 19 0
-50 -70 -9 0
-29 33 5 0
-70 48 74 0
-26 28 69 0
-19 6 -44 0
-48 2 56 0
44 -28 56 0
-27 -38 -43 0
55 -53 -38 0
2 -70 -27 0
65 17 72 0
-40 16 39 0
40 -26 -13 0
61 -59 -35 0
13 27 -74 0
-45 27 59 0
1 68 30 0
13 68 39 0
18 -17 57 0
-37 -44 61 0
1 72 -8 0
-3 62 -70 0
61 -31 32 0
-5 -2 -46 0
39 -40 -62 0
-43 15 -73 0
55 24 13 0
-31 -72 33 0
-58 -37 -8 0
-47 -27 -69 0
19 -9 -38 0
25 69 35 0
-32 -10 -72 0
-17 2 13 0
25 60 14 0
72 -62 53 0
57 19 -51 0
70 -35 -71 0
-3 7 25 0
37 21 -56 0
-54 -1 -39 0
-39 -24 4 0
23 -30 -6 0
38 -60 -55 0
68 12 17 0
20 -29 -43 0
71 23 55 0
28 -31 -39 0
-28 18 36 0
-9 -38 -57 0
49 44 61 0
9 6 -64 0
-12 28 61 0
-12 34 17 0
54 67 32 0
67 -3 40 0
2 34 -66 0
71 -15 -70 0
6 28 -26 0
-12 55 23 0
29 -34 51 0
-26 -52 -31 0
-4 -46 -22 0
39 12 -13 0
41 29 37 0
-9 68 14 0
-21 69 -12 0
56 -54 8 0
-69 -58 -70 0
23 -71 -34 0
21 -74 -16 0
26 35 -10 0
-23 -8 -15 0
29 62 18 0
-10 30 18 0
55 -17 -51 0
-32 -65 52 0
31 -67 48 0
-69 -19 58 0
44 -29 -3 0
27 17 73 0
15 41 36 0
-52 32 -3 0
7 14 -65 0
63 65 36 0
-53 60 59 0
-16 -42 57 0
59 -25 19 0
-67 -53 52 0
36 -3 -41 0
-18 41 67 0
17 -9 -33 0
54 30 25 0
-15 -29 39 0
-1 9 -11 0
22 -46 8 0
24 -56 28 0
-29 11 52 0
-10 -68 -48 0
47 -56 -35 0
-21 31 49 0
-44 3 74 0
42 -61 -25 0
65 -70 38 0
66 -14 -62 0
-32 -34 42 0
-14 50 -35 0
-16 23 60 0
10 44 -6 0
50 -29 -4 0
63 -40 32 0
58 18 -10 0
-15 -51 -39 0
51 20 -74 0
-49 -13 -7 0
42 27 -21 0
-12 -48 -72 0
-62 47 -53 0
57 -27 -4 0
65 50 -30 0
-46 41 21 0
-39 -3 -64 0
16 17 -25 0
72 -38 54 0
70 -68 -58 0
66 34 58 0
-23 -20 50 0
-1 12 -13 0
18 -66 -15 0
-20 45 -39 0
-43 45 -49 0
-49 46 -37 0
4 -39 -32 0
-11 43 8 0
31 -5 73 0
-72 16 -24 0
-42 -13 14 0
6 -46 22 0
43 -71 23 0
-36 17 31 0
-21 65 30 0
21 -36 -37 0
-3 72 -8 0
31 51 73 0
64 19 74 0
46 49 26 0
62 26 -60 0
-74 -27 -28 0
18 72 61 0
-30 -62 -52 0
37 54 62 0
-23 66 44 0
75 -7 3 0
73 72 46 0
-52 42 24 0
64 36 -16 0
-73 26 19 0
66 54 -30 0
-18 2 40 0
-23 -72 -46 0
-19 -24 -38 0
-60 75 62 0
-7 46 73 0
-10 52 -29 0
33 49 -15 0
45 -33 -8 0
20 4 -24 0
-49 -3 -14 0
45 -30 18 0
-38 -20 36 0
-49 -38 -59 0
-63 72 -66 0
-33 55 21 0
-1 42 27 0
13 36 -69 0
-32 -28 55 0
25 -1 -52 0
65 21 -27 0
-24 -3 -10 0
-57 -39 -63 0
27 -68 20 0
-17 -18 -23 0
-45 -11 -53 0
57 43 -14 0
49 17 73 0
-13 27 33 0
-64 35 -1 0
72 24 59 0
63 14 -37 0
-9 -60 -2 0
34 -23 -41 0
43 69 -11 0
66 29 40 0
1 20 22 0
-8 22 -61 0
-50 -62 -57 0
19 -24 64 0
68 -47 -43 0
24 45 -11 0
29 46 67 0
-49 -7 28 0
-13 34 12 0
15 -51 49 0
-72 -46 -66 0
29 -19 61 0
-22 24 42 0
66 -5 30 0
-30 -68 70 0
56 -28 63 0
32 57 -62 0
21 41 -15 0
68 -31 14 0
51 -64 -68 0
-15 -45 -43 0
-21 -15 -49 0
34 57 32 0
17 -45 -48 0
7 -75 -22 0
34 41 46 0
-1 -2 27 0
21 -29 -52 0
-46 13 -71 0
4 -2 -7 0
28 35 -50 0
-18 -49 59 0
-44 -48 49 0
41 43 -25 0
-47 -51 -49 0
18 -7 -53 0
-22 37 56 0
66 -54 30 0
32 68 51 0
14 -47 13 0
59 -62 -25 0
40 51 -59 0
-75 -56 50 0
44 43 -22 0
48 -29 -18 0
71 65 23 0
62 47 -25 0
70 -11 -8 0
70 -34 -23 0
6 45 -25 0
53 48 1 0
63 -26 -42 0
-27 21 -71 0
-19 22 -50 0
-71 37 -53 0
-7 -15 -28 0
-59 42 -2 0
-70 -18 73 0
-39 -8 -43 0
-39 4 -5 0
-1 -58 3 0
-74 21 -60 0
36 52 23 0
-25 43 -57 0
-38 13 -32 0
5 -7 41 0
25 62 74 0
-74 -69 38 0
-63 -1 -45 0
25 59 6 0
12 -67 -20 0
14 -57 -22 0
-58 67 -75 0
-73 2 3 0
53 71 9 0
9 -6 55 0
-3 27 51 0
23 5 -11 0
-50 48 -4 0
-38 -28 48 0
3 67 6 0
-21 -66 8 0
-62 21 53 0
-63 -12 -55 0
-22 46 39 0
1 50 -32 0
-9 22 49 0
42 -3 61 0
-45 -43 -48 0
58 -28 70 0
72 69 36 0
3 73 -21 0
-49 -21 -72 0
25 -74 -47 0
44 -60 16 0
33 47 -46 0
s UNSATISFIABLE
d decisions 32
