c Random 3-SAT instance
c alpha = 8.0, N = 75, L = 600, instance = 44
p cnf 75 600
-17 -21 48 0
21 -34 27 0
39 -36 64 0
-26 -18 8 0
-47 -59 2 0
-24 -63 66 0
28 33 6 0
-34 -45 -11 0
71 -5 44 0
-67 13 -33 0
-43 31 -42 0
27 -69 54 0
12 14 -20 0
20 22 28 0
5 -30 -27 0
-73 -66 -1 0
-73 -26 61 0
-52 58 -68 0
45 3 64 0
55 2 -69 0
14 51 -41 0
-22 58 -52 0
60 47 -45 0
-32 -27 16 0
-17 -22 -8 0
65 11 -71 0
-52 27 68 0
-64 -37 -46 0
73 -65 46 0
30 12 -32 0
3 -11 -8 0
-34 55 -50 0
-57 58 52 0
-61 6 -21 0
-60 -28 -58 0
-75 73 -40 0
64 46 26 0
-66 -73 28 0
-28 52 62 0
-39 35 -12 0
66 -20 61 0
-47 8 45 0
-74 -58 -52 0
47 -64 -42 0
74 62 37 0
-70 43 51 0
19 -17 54 0
23 -41 6 0
25 -40 -15 0
8 -73 25 0
-8 -24 23 0
-27 38 -1 0
25 68 18 0
5 -57 -30 0
34 -35 30 0
-53 23 62 0
-73 -13 -65 0
-68 56 15 0
-42 59 31 0
-38 -26 -75 0
-19 30 67 0
27 -34 68 0
48 53 59 0
17 24 -60 0
69 -21 46 0
-14 51 -49 0
-43 -25 -75 0
-16 2 -11 0
-11 -49 -23 0
54 -24 -59 0
-70 64 -36 0
-16 24 40 0
-47 -19 -51 0
-58 65 -44 0
8 -32 -68 0
19 73 43 0
-75 -8 -51 0
-71 -13 69 0
57 -41 -26 0
-26 22 -60 0
48 -15 45 0
-10 58 42 0
-8 29 -67 0
70 68 -36 0
66 69 22 0
62 28 39 0
31 -27 66 0
25 -40 23 0
-70 -37 -41 0
-39 -44 41 0
19 3 52 0
-3 -51 -33 0
-23 40 -27 0
65 48 -67 0
-5 35 -71 0
41 57 74 0
-24 3 -59 0
-46 -27 13 0
-22 -45 67 0
-73 -55 -52 0
50 54 45 0
-42 57 66 0
-53 60 29 0
-64 -56 3 0
-20 72 -28 0
8 -21 -6 0
7 22 15 0
11 -29 -46 0
-27 20 -17 0
-20 45 21 0
-36 58 54 0
-68 -3 -5 0
29 74 53 0
-25 -30 -8 0
19 -54 -49 0
35 -75 -68 0
66 9 -67 0
-20 -7 -47 0
60 38 -8 0
5 -40 -49 0
-61 62 45 0
11 7 70 0
-31 60 -45 0
68 8 -27 0
74 -57 -36 0
56 -53 11 0
38 -48 -23 0
-33 -2 56 0
-24 13 -64 0
3 -21 -41 0
52 62 55 0
-6 -31 -15 0
-12 30 -60 0
40 -8 52 0
-24 71 -66 0
43 -37 -72 0
-15 -54 -62 0
47 55 -73 0
-50 32 29 0
-32 -30 60 0
31 -41 -28 0
-37 -66 28 0
20 -14 -7 0
44 -62 -72 0
59 6 -68 0
-43 -37 -67 0
-33 71 -46 0
37 41 71 0
-68 3 -12 0
16 14 -35 0
58 -18 39 0
-5 14 1 0
-10 26 19 0
-41 -36 -65 0
22 -29 25 0
-12 20 61 0
-42 64 -25 0
31 -69 59 0
68 27 32 0
68 -51 -18 0
-66 23 65 0
38 8 -18 0
64 54 -43 0
-37 58 31 0
-61 52 58 0
58 16 -14 0
-57 6 -59 0
55 38 -48 0
-1 9 -45 0
-46 -50 -29 0
-1 61 50 0
5 -69 -70 0
57 23 58 0
66 23 61 0
-70 -10 -50 0
-3 75 24 0
-36 -41 -70 0
-63 48 -41 0
-28 27 -40 0
59 3 -32 0
57 -72 -10 0
16 19 43 0
-22 -48 73 0
63 40 20 0
-48 -51 -71 0
51 3 -61 0
-32 -39 -42 0
52 -63 2 0
38 -63 13 0
71 -27 25 0
47 11 35 0
57 -46 70 0
64 -55 68 0
-39 -14 -42 0
49 -66 -36 0
-30 33 58 0
-54 73 -44 0
19 -18 14 0
-48 -19 22 0
-39 -34 4 0
-63 -53 37 0
69 -57 20 0
39 38 43 0
-74 -28 -26 0
36 5 64 0
46 61 29 0
-36 38 -67 0
52 -32 55 0
64 62 -53 0
16 35 -68 0
22 26 -8 0
-34 -69 -36 0
32 -24 7 0
-8 1 -43 0
-70 -36 -42 0
68 40 7 0
-59 3 -71 0
70 -47 13 0
-52 -38 -31 0
-14 49 3 0
4 44 51 0
71 -27 69 0
17 -36 -74 0
21 -6 23 0
-7 -16 -33 0
-2 -28 68 0
8 -56 -36 0
64 -16 24 0
21 -58 -50 0
-6 -20 -38 0
-29 71 8 0
-48 36 11 0
29 40 35 0
42 -71 -18 0
-10 -58 -73 0
-50 36 17 0
-44 46 26 0
39 -41 -1 0
-70 42 6 0
-3 26 -39 0
-72 37 33 0
22 11 46 0
6 -61 51 0
-8 -70 16 0
-47 16 71 0
52 -70 -25 0
61 28 -55 0
-34 4 -19 0
19 -36 40 0
14 38 20 0
29 -22 32 0
22 75 16 0
-17 52 -6 0
34 24 52 0
51 8 -64 0
-29 -58 33 0
-31 -11 -15 0
-22 13 -75 0
71 -51 -26 0
-41 -74 -57 0
-34 10 69 0
-12 50 9 0
50 -15 6 0
-63 -55 54 0
65 -34 -25 0
65 -42 50 0
71 47 70 0
-68 54 -73 0
41 19 74 0
-53 46 71 0
55 -35 -4 0
-44 -9 -56 0
-73 59 -36 0
17 52 59 0
-47 30 -27 0
-28 59 -48 0
56 64 -73 0
-26 22 -19 0
-63 -69 -73 0
-25 -20 37 0
70 48 28 0
-64 16 -31 0
-13 -47 51 0
-17 27 67 0
-58 -61 34 0
46 50 -63 0
-27 -23 -33 0
12 26 -37 0
-36 40 32 0
11 56 50 0
-32 36 21 0
-57 -6 -21 0
42 -49 37 0
66 -23 -29 0
57 69 -43 0
-59 -37 -27 0
-57 -29 -51 0
12 -11 29 0
-34 -26 22 0
-5 54 69 0
7 1 55 0
73 71 -40 0
-7 72 37 0
68 53 46 0
-30 -62 39 0
29 44 48 0
36 9 -43 0
28 33 -64 0
34 39 74 0
73 -13 65 0
-40 9 -73 0
-6 56 -34 0
9 -30 8 0
-2 19 14 0
49 -1 -17 0
72 24 -16 0
-18 -67 24 0
-52 -44 67 0
-22 32 60 0
-72 -40 13 0
5 -49 -56 0
55 8 -43 0
60 -68 -10 0
69 -28 -62 0
52 -39 -6 0
-43 -51 12 0
-37 -36 34 0
-3 -69 33 0
-20 -31 -26 0
-57 17 60 0
51 -48 42 0
-6 -13 -53 0
71 56 -73 0
-38 69 37 0
-52 3 -34 0
41 -54 -38 0
12 21 2 0
29 -53 -8 0
-59 69 -75 0
-45 -34 -4 0
-36 22 -29 0
54 -19 2 0
-43 -16 62 0
36 -27 32 0
74 63 47 0
51 -62 -7 0
-31 36 -40 0
-25 -20 1 0
-6 24 30 0
-75 -24 -58 0
11 18 -74 0
52 -60 -2 0
2 50 -52 0
-39 -48 50 0
-48 73 1 0
11 46 -52 0
-4 5 -32 0
25 57 31 0
14 5 -7 0
18 -13 66 0
-42 66 -58 0
-41 33 38 0
-24 -28 -42 0
10 -42 -26 0
-4 53 17 0
-58 -35 66 0
60 36 -33 0
-6 -3 -2 0
13 -72 -4 0
72 -24 48 0
35 -34 -2 0
-29 -64 2 0
-2 -5 -43 0
-61 -12 2 0
-9 1 3 0
-19 63 -75 0
-35 -45 73 0
-74 70 -67 0
4 45 -14 0
-12 22 25 0
59 -14 43 0
-36 -66 -43 0
-30 -27 54 0
26 -75 -40 0
-71 -73 55 0
-32 -9 -40 0
24 60 -28 0
66 -39 19 0
-23 38 63 0
4 -17 53 0
-55 -6 -18 0
-5 12 -75 0
-2 -22 45 0
-12 -67 36 0
38 32 40 0
27 39 50 0
-34 -10 -54 0
53 -3 -39 0
50 1 -35 0
-47 36 -2 0
58 3 11 0
23 -24 -25 0
60 -68 -20 0
21 -33 -39 0
75 15 -28 0
-63 -4 -50 0
65 -55 29 0
-38 24 58 0
-7 -27 -17 0
-57 -39 -19 0
-43 23 -37 0
-12 30 -68 0
69 -72 -17 0
44 -20 -8 0
34 -27 -18 0
-45 70 -14 0
58 55 -38 0
27 7 4 0
41 -15 -30 0
4 -26 -30 0
59 -69 9 0
-49 6 39 0
5 -40 21 0
-9 -31 -69 0
-40 -38 54 0
-9 -59 -7 0
-39 20 -37 0
23 -51 55 0
9 43 42 0
3 -23 -63 0
11 48 19 0
69 28 51 0
-74 -14 -62 0
73 46 25 0
17 -57 31 0
-52 11 -70 0
-19 -61 -42 0
-72 -36 -66 0
-70 50 -66 0
-50 23 54 0
63 73 33 0
-70 74 1 0
66 -68 -4 0
-9 -28 -51 0
26 -29 -64 0
-23 -6 41 0
55 56 -7 0
-32 19 18 0
28 -18 71 0
-44 46 -53 0
-17 -27 -42 0
23 -33 36 0
25 17 -48 0
57 -49 -58 0
27 39 16 0
-56 54 25 0
35 -61 12 0
54 16 33 0
-28 57 -33 0
-37 -24 -26 0
23 38 31 0
-13 6 10 0
31 -21 54 0
74 41 -9 0
-51 49 75 0
-7 69 -32 0
-47 72 31 0
73 22 -3 0
47 29 2 0
-7 67 -41 0
71 17 59 0
73 -34 -54 0
12 -23 -64 0
-55 -43 -69 0
-60 -25 22 0
-4 -13 -58 0
-67 68 26 0
-5 -47 -19 0
-31 -58 51 0
71 -75 -46 0
-35 74 -43 0
64 -39 -55 0
66 4 3 0
56 42 -3 0
13 -31 74 0
-62 -24 72 0
-43 56 -61 0
31 -52 -10 0
-41 -69 43 0
-4 1 66 0
-43 24 9 0
-22 61 -68 0
-39 -15 -28 0
71 40 3 0
61 -33 -71 0
-47 5 15 0
25 -17 -36 0
10 -56 -47 0
-9 3 18 0
10 -13 -61 0
-7 3 -38 0
-68 59 -71 0
-58 40 35 0
33 -42 66 0
-56 -73 -36 0
-63 -35 73 0
64 -75 -67 0
66 -42 -30 0
-47 12 26 0
-68 16 -46 0
-26 -58 72 0
14 22 -39 0
34 -7 -67 0
1 29 57 0
-37 56 -15 0
55 -37 26 0
60 1 -29 0
22 71 -34 0
-57 -33 61 0
52 30 18 0
28 -6 20 0
67 37 -71 0
-74 23 1 0
59 -68 64 0
42 41 15 0
-36 -59 -70 0
6 -7 -3 0
37 -2 73 0
56 -40 -55 0
8 -47 -7 0
-54 1 -72 0
-64 -60 15 0
7 49 63 0
49 -50 7 0
-50 70 75 0
17 -75 67 0
45 48 -55 0
-52 -24 -1 0
-20 -41 62 0
-48 43 -11 0
34 70 -38 0
-54 24 -1 0
23 -50 51 0
70 9 -40 0
24 -70 19 0
-67 -75 28 0
-50 -51 47 0
4 40 -66 0
-15 22 38 0
41 -55 19 0
7 39 -16 0
70 9 61 0
-1 20 51 0
-73 -24 -51 0
42 -57 -12 0
20 45 11 0
-33 67 -73 0
19 -34 -15 0
-6 43 36 0
70 -31 28 0
-52 -70 5 0
74 -22 -5 0
52 32 17 0
-70 -38 -23 0
-8 72 65 0
-75 -38 -9 0
14 -4 48 0
-4 -70 12 0
-7 -43 40 0
-31 3 -5 0
51 50 -60 0
-63 -47 23 0
-49 39 45 0
-54 -4 -29 0
-16 5 -72 0
-8 -12 -35 0
-1 -4 21 0
21 -16 -15 0
-39 10 -58 0
-29 -4 -34 0
-42 -1 -10 0
-37 -55 31 0
39 28 10 0
-72 -13 -41 0
32 14 -15 0
61 -55 -51 0
21 -23 9 0
22 37 3 0
13 51 -2 0
44 -74 -8 0
25 70 -42 0
7 -70 -33 0
54 -38 -60 0
-41 -12 1 0
43 -18 6 0
22 -53 -11 0
43 56 44 0
66 -5 71 0
53 75 27 0
5 45 30 0
s UNSATISFIABLE
d decisions 56
