c Random 3-SAT instance
c alpha = 8.0, N = 75, L = 600, instance = 124
p cnf 75 600
-70 11 50 0
-49 55 -42 0
-2 -4 -7 0
54 61 67 0
14 24 -3 0
8 -67 10 0
50 19 43 0
64 -43 -26 0
-72 -10 17 0
-22 31 10 0
28 -4 37 0
19 -49 -12 0
6 30 -7 0
13 -9 27 0
70 38 25 0
-62 -53 41 0
-23 34 -61 0
67 39 43 0
5 -19 70 0
10 -7 44 0
-49 -73 -23 0
49 17 -75 0
47 17 -42 0
21 -51 17 0
-69 -4 -28 0
-5 70 -13 0
-16 4 5 0
23 -57 73 0
-8 44 19 0
-13 -45 -43 0
-52 -56 -65 0
37 51 41 0
-12 22 59 0
60 -38 42 0
16 -42 23 0
69 13 6 0
-34 73 -24 0
33 58 20 0
-27 11 54 0
-49 -69 6 0
50 -8 10 0
-32 -61 16 0
69 -14 -24 0
-33 -40 17 0
62 9 16 0
-22 32 -38 0
-55 -36 3 0
28 68 -37 0
45 -59 7 0
38 -46 62 0
29 -26 -21 0
-22 -14 -62 0
-59 -8 -61 0
14 -5 54 0
15 47 -32 0
12 18 20 0
24 38 22 0
-6 -27 41 0
-18 42 26 0
32 25 58 0
13 -49 -29 0
70 -31 56 0
19 54 52 0
-7 13 -62 0
22 -46 -31 0
48 43 -3 0
-25 -54 -24 0
-28 -73 8 0
-52 11 61 0
65 23 -33 0
-66 16 -6 0
-44 -59 -41 0
-70 -71 -26 0
31 26 9 0
-37 8 2 0
39 -60 49 0
58 54 -63 0
-14 -3 58 0
-36 72 66 0
68 -50 40 0
17 -3 74 0
74 -33 -20 0
41 -71 70 0
-32 -24 -22 0
4 66 -32 0
-26 -53 69 0
-54 -69 -41 0
60 -53 7 0
40 71 -3 0
-10 -14 -6 0
48 -55 -58 0
26 -62 25 0
-48 -51 -10 0
55 52 45 0
-74 -12 75 0
-64 40 19 0
-17 9 61 0
18 14 -65 0
58 -3 -18 0
-27 -3 -43 0
43 52 -40 0
59 -48 24 0
74 -2 11 0
-41 43 -68 0
-4 23 72 0
-59 -4 27 0
29 -13 -28 0
18 -3 62 0
74 -67 15 0
-32 10 21 0
-35 6 -31 0
-16 -42 37 0
19 10 -70 0
11 61 29 0
-25 70 -6 0
-6 -26 -32 0
62 47 -69 0
-52 10 -68 0
7 60 -73 0
71 67 -40 0
70 44 -63 0
26 -56 43 0
74 -45 -71 0
-18 -68 35 0
60 -43 -26 0
68 -30 32 0
33 6 -50 0
63 59 43 0
44 33 -66 0
40 60 26 0
-23 -57 -47 0
-29 66 42 0
5 66 60 0
-9 -8 14 0
16 29 44 0
-30 25 15 0
-8 -44 -13 0
-33 -49 12 0
-9 73 -23 0
-43 41 26 0
-44 -39 6 0
-63 11 -9 0
-38 21 -54 0
7 75 -13 0
-54 37 62 0
50 -48 -60 0
-21 -62 26 0
50 71 -59 0
-14 73 57 0
-51 -2 39 0
-45 14 25 0
-45 -59 -31 0
55 38 -74 0
-3 33 -27 0
-8 -55 -65 0
8 -74 -72 0
27 9 70 0
-72 -16 -40 0
-41 20 -29 0
72 -5 21 0
-43 32 47 0
-27 -35 46 0
36 -31 34 0
13 10 -52 0
-52 64 -18 0
17 52 37 0
26 -47 -55 0
-31 53 -59 0
2 11 -20 0
44 -37 -4 0
-52 -12 -8 0
53 -43 -36 0
22 -15 38 0
40 -48 -49 0
38 -60 -42 0
37 -40 71 0
-73 -59 4 0
35 -42 -11 0
-72 75 27 0
72 -10 -67 0
64 -59 29 0
71 -17 -30 0
-72 41 5 0
-55 34 -31 0
-24 -74 23 0
8 36 -14 0
23 -51 -17 0
-47 -71 6 0
-56 -70 43 0
-45 34 -20 0
44 -8 45 0
-42 -30 38 0
42 -62 -27 0
-48 43 -72 0
62 17 4 0
-1 35 75 0
5 25 -6 0
55 66 -31 0
-63 -35 -12 0
-48 -23 -33 0
70 -30 -56 0
54 64 -47 0
-2 65 8 0
17 -64 4 0
-60 74 -5 0
11 41 42 0
-54 45 -12 0
-69 33 -15 0
-35 66 -1 0
-25 -65 -70 0
45 -31 -38 0
27 16 -17 0
-14 -4 35 0
24 -39 -75 0
50 -41 -34 0
-74 21 53 0
-26 -4 -72 0
37 -65 -14 0
-27 -64 25 0
-7 29 39 0
71 7 -50 0
-74 44 -72 0
6 -5 -4 0
-55 17 51 0
5 1 17 0
-12 53 39 0
-73 -68 16 0
4 40 54 0
-11 -23 8 0
25 -34 9 0
42 47 64 0
-20 72 10 0
72 -16 31 0
25 53 -66 0
54 -64 -49 0
27 67 -60 0
17 75 -69 0
-62 -4 15 0
-57 -73 75 0
-72 16 35 0
43 -51 33 0
-71 -42 -30 0
6 27 7 0
-28 69 13 0
67 30 22 0
-15 -37 75 0
-32 30 10 0
56 68 46 0
75 -11 -63 0
29 27 5 0
34 12 18 0
-69 -20 32 0
74 35 -59 0
-13 63 -29 0
68 51 -63 0
54 49 -6 0
71 -14 64 0
36 -20 -4 0
61 -19 69 0
-49 -46 -39 0
15 67 35 0
-18 74 -37 0
-37 57 65 0
29 -67 -33 0
21 6 38 0
-19 -53 -37 0
-64 -11 12 0
7 -50 -9 0
17 -8 57 0
-47 12 -6 0
-67 -60 -32 0
23 -15 24 0
34 -42 -56 0
72 -13 36 0
41 48 66 0
-3 52 -12 0
-62 -27 -47 0
-17 -60 -74 0
-16 -29 72 0
-23 60 -4 0
49 12 2 0
24 13 -38 0
-70 -32 9 0
20 -36 3 0
75 -5 -43 0
-16 5 6 0
17 20 25 0
-30 46 -2 0
-29 -39 25 0
-30 -26 -52 0
19 10 -64 0
-33 -41 31 0
-72 25 -63 0
-20 -8 -36 0
53 -20 -44 0
75 -7 -34 0
68 -16 -11 0
-27 -9 -61 0
-48 -36 -67 0
-50 6 31 0
-60 4 36 0
26 23 51 0
60 -39 2 0
-4 44 32 0
-20 -22 19 0
30 66 10 0
-18 53 -52 0
-17 29 32 0
-36 -57 -70 0
-13 -52 -31 0
-41 -19 52 0
70 74 2 0
-17 21 -53 0
5 60 54 0
-8 -44 -18 0
34 47 -25 0
60 16 11 0
-67 20 -70 0
-22 -58 -67 0
-33 -53 -17 0
-51 -59 -46 0
-59 50 69 0
75 -50 -36 0
-48 -6 75 0
57 43 17 0
-65 -39 16 0
72 -40 -73 0
62 31 34 0
-44 29 -21 0
35 29 59 0
-65 69 -12 0
13 38 48 0
-11 -69 -31 0
-18 -34 -3 0
7 -3 -53 0
-75 45 4 0
-16 -43 -57 0
-39 -17 7 0
-36 29 -40 0
-37 -71 15 0
-27 69 -39 0
65 -5 57 0
-53 -16 -32 0
-39 -1 19 0
16 63 -49 0
45 -61 53 0
-49 16 71 0
-4 59 -38 0
15 -30 47 0
-50 69 -1 0
27 -22 31 0
-58 67 -27 0
-13 41 22 0
9 55 71 0
-66 50 54 0
-6 -31 -44 0
47 -23 -24 0
50 48 5 0
-11 63 53 0
54 -56 -6 0
21 -46 -41 0
66 45 -73 0
-48 -50 -38 0
6 -51 62 0
19 -11 75 0
36 -16 23 0
39 36 72 0
-18 15 -29 0
-24 -23 -39 0
-21 75 -50 0
10 -66 51 0
-45 -6 -18 0
-28 -68 -25 0
18 40 -41 0
35 -25 -2 0
34 33 4 0
48 37 36 0
-35 62 63 0
-3 54 -63 0
68 -31 35 0
36 -15 -20 0
23 58 11 0
-61 17 12 0
63 28 45 0
65 -28 -19 0
-55 -9 -32 0
-35 -5 -14 0
-31 -8 -43 0
68 -10 -4 0
71 -63 -52 0
71 67 52 0
35 10 20 0
33 -47 -10 0
-68 60 56 0
72 17 36 0
-26 -22 35 0
36 -37 -73 0
-68 -61 -10 0
-36 41 -1 0
-68 -64 73 0
-59 26 17 0
-19 -50 24 0
-18 70 -49 0
-17 -34 -63 0
-52 51 3 0
-16 49 51 0
58 66 16 0
-19 -34 -72 0
-58 -57 -25 0
19 -18 15 0
37 -27 -15 0
38 2 -27 0
-22 59 -67 0
37 -58 38 0
-39 -58 43 0
60 -27 45 0
-26 42 50 0
-7 49 -15 0
65 49 19 0
-73 -17 -64 0
-60 -28 49 0
-10 -14 -9 0
23 -28 -32 0
54 -10 33 0
-57 75 -15 0
6 -18 -5 0
-36 38 -58 0
41 65 67 0
69 1 51 0
61 -11 69 0
51 -21 48 0
20 -64 -30 0
47 18 63 0
-35 -55 57 0
-35 -32 72 0
54 40 68 0
-59 16 1 0
-63 22 8 0
-74 13 -24 0
-36 69 -1 0
-34 -31 -73 0
-28 55 65 0
48 75 34 0
-37 7 67 0
-15 35 10 0
41 -12 35 0
-35 -51 59 0
67 56 -50 0
-35 13 54 0
43 -56 6 0
30 -54 73 0
-4 61 13 0
45 -32 27 0
-2 -46 56 0
68 -29 23 0
-16 24 15 0
60 73 66 0
-70 69 18 0
-68 32 -66 0
41 -21 -75 0
49 -9 -6 0
-45 -56 44 0
-14 60 50 0
9 58 -25 0
-52 -75 6 0
52 -50 -27 0
-64 35 -29 0
-61 -53 70 0
-43 -58 24 0
8 41 16 0
21 28 46 0
53 19 -13 0
50 35 68 0
70 73 7 0
-73 -60 15 0
61 43 -37 0
5 64 20 0
-39 -7 41 0
12 -51 7 0
-62 63 33 0
45 38 -12 0
36 -64 -44 0
34 -12 -30 0
-75 52 -18 0
17 -26 -25 0
21 36 8 0
-37 38 39 0
16 -9 21 0
64 15 68 0
-62 3 16 0
11 56 -55 0
68 -45 -11 0
-32 -63 -13 0
38 -23 -68 0
60 -45 -29 0
-61 -27 17 0
-42 32 75 0
-32 -61 9 0
45 -62 -4 0
50 -56 -67 0
-4 -68 36 0
-19 75 59 0
-72 -16 63 0
74 -25 69 0
-40 -67 60 0
-12 46 -70 0
67 63 -15 0
-71 -10 31 0
50 -47 36 0
43 -53 -69 0
53 -71 25 0
-37 -21 61 0
-4 -37 -66 0
-60 61 2 0
-66 1 24 0
23 59 -48 0
53 -61 -8 0
4 50 -3 0
-74 68 9 0
54 7 -75 0
-40 -37 1 0
-21 48 49 0
-9 -75 6 0
-70 -47 -11 0
-12 -5 49 0
-23 63 16 0
67 -62 5 0
-68 74 -1 0
-13 29 75 0
15 -73 21 0
-31 13 39 0
-39 -59 -45 0
-9 36 -42 0
-32 -1 -29 0
-55 -16 -49 0
4 74 38 0
-67 37 -8 0
19 -31 -50 0
27 6 34 0
40 62 -64 0
-5 -8 71 0
26 40 10 0
49 -57 -45 0
56 -50 42 0
-46 -30 50 0
38 37 45 0
-43 1 63 0
-12 26 59 0
-44 -51 -66 0
-53 50 73 0
34 12 -2 0
-66 26 67 0
-34 64 5 0
39 -34 -52 0
-68 -55 25 0
55 56 -24 0
-32 33 -70 0
-50 -34 59 0
10 -7 -49 0
-51 50 65 0
-38 -42 15 0
-54 -31 68 0
-51 -7 49 0
-46 -75 74 0
-37 21 -2 0
-64 -11 12 0
-11 -74 71 0
-15 -25 74 0
-39 -32 64 0
62 -70 57 0
65 11 -70 0
-43 19 15 0
-41 55 -38 0
34 -35 -19 0
-17 62 74 0
-68 51 -29 0
-48 -26 71 0
-59 -23 -75 0
-62 -37 61 0
9 6 38 0
-60 -36 -72 0
-54 42 6 0
-70 34 22 0
3 -25 -26 0
-60 -6 -15 0
63 -17 -15 0
58 6 -49 0
6 -41 -33 0
26 20 -25 0
-9 66 -33 0
-13 75 23 0
65 -2 64 0
-1 25 -7 0
-11 31 44 0
-17 -47 -50 0
-68 -21 29 0
-49 55 -7 0
64 17 -47 0
7 46 52 0
-18 -62 35 0
s UNSATISFIABLE
d decisions 56
