c Random 3-SAT instance
c alpha = 5.0, N = 75, L = 375, instance = 84
p cnf 75 375
58 74 -19 0
-5 45 -56 0
41 3 21 0
-65 -66 43 0
-61 -74 -24 0
-50 -45 -62 0
51 -42 -55 0
5 -49 38 0
-8 -36 -45 0
69 -2 -29 0
31 -42 3 0
-40 -31 -50 0
27 58 -54 0
51 -32 -35 0
16 48 -39 0
36 70 7 0
-26 -66 31 0
-58 -40 -14 0
10 22 -35 0
-74 -39 -50 0
-27 -21 6 0
42 6 -70 0
-29 58 13 0
-68 -64 -72 0
-9 -46 -1 0
5 -51 13 0
-69 5 47 0
-47 -6 39 0
74 -12 -45 0
-14 27 19 0
57 -8 9 0
-70 46 -58 0
62 -60 30 0
-51 -54 17 0
14 -2 -37 0
65 69 -4 0
-18 -71 21 0
51 -4 24 0
44 35 13 0
-23 24 -66 0
27 40 55 0
-67 -30 -1 0
56 22 -21 0
6 58 9 0
43 63 -34 0
44 -4 42 0
73 -53 -54 0
-52 -27 -36 0
72 9 -22 0
31 39 16 0
16 49 -2 0
-40 52 -35 0
63 -18 55 0
-53 -38 -51 0
28 -58 57 0
-68 26 -14 0
-38 7 6 0
-36 -72 48 0
4 -67 -13 0
-48 -60 40 0
52 -53 -58 0
-31 63 -10 0
-43 19 -66 0
-19 2 -53 0
34 72 -24 0
31 56 -23 0
15 -39 36 0
1 -16 -55 0
17 61 -59 0
20 32 -61 0
-32 8 33 0
19 66 -2 0
12 72 22 0
-65 -6 66 0
19 71 33 0
44 -16 54 0
-6 3 -45 0
-28 -17 69 0
23 -50 -3 0
-61 -70 -14 0
71 -10 -70 0
-10 1 58 0
36 5 -73 0
-54 13 -39 0
-22 -54 -13 0
-10 9 16 0
38 -41 -39 0
-34 -42 -40 0
29 -58 -36 0
-15 -17 38 0
-60 64 75 0
-75 61 -19 0
73 54 65 0
31 18 52 0
-38 44 5 0
-9 43 71 0
37 -68 -45 0
70 -33 -75 0
-25 -4 -3 0
17 15 61 0
43 65 -30 0
-19 27 25 0
66 -43 47 0
67 -1 -41 0
-39 -67 -63 0
27 65 -36 0
-71 8 52 0
-37 5 71 0
38 4 51 0
28 -36 65 0
-55 47 44 0
61 -40 37 0
14 10 -53 0
-43 -3 50 0
-25 -67 40 0
30 -48 -46 0
-45 60 -23 0
51 -61 45 0
24 32 -19 0
-58 72 61 0
25 -43 -39 0
55 -44 72 0
-70 -26 27 0
36 -68 -28 0
1 7 55 0
-52 22 -64 0
-64 60 -44 0
69 35 20 0
6 45 67 0
32 43 13 0
10 59 -36 0
47 -12 -42 0
-48 38 58 0
-16 -41 36 0
-8 -5 65 0
-23 31 60 0
-30 3 72 0
68 -6 67 0
-27 -17 -13 0
-75 8 72 0
32 24 20 0
12 17 -8 0
-39 65 34 0
-71 2 38 0
-75 -54 5 0
-38 36 -26 0
8 47 13 0
34 30 -29 0
-15 -32 -51 0
71 15 -74 0
13 -37 -49 0
-69 54 30 0
66 45 -46 0
-25 23 -14 0
13 43 30 0
5 29 72 0
9 61 -19 0
-16 -34 -3 0
-47 -11 49 0
9 -68 -63 0
39 -55 -41 0
1 -71 62 0
55 -50 42 0
-11 -42 -21 0
-4 -75 42 0
40 2 57 0
44 70 15 0
-21 28 -1 0
-62 12 -50 0
55 -39 -44 0
-62 -29 -56 0
73 -31 51 0
-59 -56 -4 0
61 67 10 0
69 -63 32 0
70 -9 -58 0
23 -2 10 0
-17 4 8 0
16 38 -1 0
67 57 34 0
24 67 -36 0
48 10 29 0
-19 24 45 0
-34 -26 -31 0
-75 27 -23 0
-35 21 -33 0
-14 48 49 0
61 20 1 0
5 -55 -21 0
-30 -4 37 0
24 23 43 0
1 -41 -23 0
-25 -50 -31 0
9 -71 -1 0
27 -51 53 0
-56 -39 -14 0
-3 -12 -21 0
-42 44 -2 0
-1 4 -26 0
-1 -17 -6 0
38 -23 -11 0
-8 65 -49 0
68 -27 -75 0
50 -58 -15 0
-18 -29 -53 0
-60 -5 -29 0
39 55 -7 0
52 -63 -18 0
-72 62 -13 0
14 9 -27 0
-54 30 65 0
-58 -24 23 0
-54 -38 15 0
44 57 10 0
59 -20 -21 0
-65 -6 -12 0
-2 50 -15 0
-42 64 -30 0
-54 -47 -59 0
-66 -33 69 0
-16 -22 -66 0
-9 -38 7 0
43 -63 -41 0
32 1 28 0
73 -50 44 0
39 -37 41 0
-43 35 11 0
-58 50 -45 0
35 11 42 0
20 38 -30 0
-43 31 12 0
-53 -55 -46 0
-22 -26 -25 0
12 70 -32 0
-18 -72 -9 0
72 58 -4 0
36 -1 -26 0
-31 -47 -41 0
-62 -67 -6 0
20 31 7 0
71 -21 -34 0
20 2 -69 0
35 -61 38 0
-6 -37 55 0
-64 7 55 0
46 -52 75 0
-65 14 8 0
-68 72 -63 0
-36 -73 -32 0
13 -21 30 0
-51 -72 37 0
24 32 -34 0
-56 48 21 0
39 -4 -53 0
-30 53 -51 0
7 -43 -67 0
63 54 -30 0
-62 36 32 0
34 69 -57 0
-46 -65 57 0
3 52 -27 0
60 10 1 0
61 13 -70 0
-46 58 -55 0
63 -30 60 0
-74 -7 -56 0
-20 2 22 0
-31 -38 -15 0
63 41 9 0
-24 2 -21 0
75 58 48 0
29 40 -18 0
35 19 -40 0
60 58 15 0
-18 -64 -6 0
-47 58 -29 0
2 -64 10 0
-35 -29 -24 0
57 -70 5 0
72 33 -62 0
-53 -14 6 0
69 -12 36 0
2 -63 49 0
61 -53 30 0
38 -56 43 0
54 -38 5 0
-16 -30 52 0
40 19 28 0
-38 -26 -73 0
46 59 -28 0
25 -62 -18 0
54 58 -57 0
23 -52 4 0
58 1 27 0
6 14 55 0
1 -26 -29 0
-30 -40 -9 0
-5 19 52 0
5 62 -71 0
27 30 65 0
-21 43 12 0
31 67 50 0
63 -4 -74 0
9 -40 -73 0
-5 54 -74 0
-13 -2 27 0
63 24 -2 0
71 37 73 0
-45 4 -8 0
65 -14 -15 0
68 -57 -41 0
31 -45 -52 0
-32 -36 -71 0
-21 -22 61 0
28 -8 -64 0
40 2 47 0
50 42 65 0
23 51 30 0
-66 36 -16 0
62 28 23 0
-70 58 -4 0
21 48 69 0
1 -21 24 0
37 -40 -36 0
8 31 -60 0
-30 -36 19 0
33 -71 37 0
-7 -20 -17 0
-56 -54 29 0
-72 -19 14 0
12 -48 45 0
13 -35 -30 0
-36 -66 45 0
-74 32 73 0
72 -64 -35 0
-64 16 15 0
40 -22 41 0
-42 -11 -26 0
-40 55 11 0
52 20 -35 0
-41 19 -66 0
-70 -43 20 0
-10 -60 -20 0
69 -1 10 0
7 -9 63 0
61 27 30 0
34 -48 74 0
27 -56 63 0
6 -22 -20 0
-36 -27 35 0
73 6 40 0
67 -43 17 0
-50 11 -66 0
23 -62 60 0
-55 -68 45 0
-48 -52 35 0
-31 65 52 0
-70 -13 67 0
45 35 15 0
21 65 -14 0
29 55 51 0
-45 15 -68 0
-10 4 19 0
59 -21 -51 0
36 -74 -35 0
-27 47 -61 0
43 61 36 0
-30 39 -21 0
-6 67 -13 0
-4 6 26 0
-61 -7 -12 0
30 -62 37 0
-9 73 3 0
12 -9 -71 0
-50 45 70 0
s UNSATISFIABLE
d decisions 153
