c Random 3-SAT instance
c alpha = 5.0, N = 75, L = 375, instance = 244
p cnf 75 375
65 -12 39 0
4 1 6 0
-18 62 -40 0
65 21 -5 0
-5 -7 -73 0
-17 39 51 0
-18 -45 51 0
29 -13 32 0
65 28 72 0
-8 -20 3 0
67 -30 -24 0
62 51 45 0
10 -5 25 0
-53 36 30 0
-63 -58 45 0
57 8 -24 0
1 -3 9 0
-44 -49 75 0
11 -46 -50 0
-11 -62 -65 0
-65 73 -30 0
-53 -12 -1 0
6 54 -53 0
-3 49 -16 0
75 -66 74 0
-33 62 12 0
47 11 53 0
-65 10 59 0
-54 -68 58 0
-13 -7 -60 0
-46 23 21 0
73 -48 -64 0
32 17 44 0
-7 20 -71 0
-73 34 44 0
-68 67 20 0
-55 -46 -41 0
-9 16 69 0
57 -37 -50 0
-59 49 -21 0
2 25 32 0
48 4 -64 0
23 -39 -6 0
37 42 -39 0
-5 -9 -54 0
15 53 26 0
-26 23 -44 0
40 12 -14 0
-46 66 -17 0
-70 42 -12 0
5 -36 32 0
26 -72 3 0
74 21 55 0
48 -44 49 0
-25 -47 30 0
-15 -28 36 0
6 -15 10 0
47 -34 44 0
25 -73 40 0
42 -23 -28 0
51 66 -62 0
60 42 65 0
29 -18 -28 0
-63 -49 -61 0
7 -57 25 0
-47 22 6 0
27 -31 73 0
41 44 58 0
31 -24 -51 0
-45 5 -1 0
27 -65 20 0
43 75 6 0
72 -3 64 0
47 -16 39 0
-26 -61 -46 0
-7 -44 -6 0
17 71 64 0
12 -43 -35 0
-50 -73 -44 0
6 -1 48 0
-37 60 -18 0
10 6 -15 0
-19 12 74 0
-62 34 59 0
22 -27 -51 0
-74 57 8 0
50 30 -57 0
-5 -66 -12 0
63 49 -7 0
-35 32 5 0
-4 -45 37 0
-31 64 -54 0
-23 -69 16 0
28 -58 -36 0
-41 61 -24 0
-64 -10 -22 0
-42 -34 64 0
54 71 -11 0
-4 -38 74 0
71 -1 31 0
74 32 44 0
46 13 40 0
-71 -74 7 0
11 -39 -19 0
-49 1 8 0
-22 24 -56 0
49 13 -57 0
42 49 -43 0
58 -23 30 0
-12 -70 -11 0
63 34 -53 0
-73 16 37 0
70 59 -54 0
-40 -44 42 0
-13 16 -24 0
7 22 35 0
-31 -34 29 0
-59 64 -61 0
75 -29 -46 0
-45 23 -18 0
-18 61 -14 0
38 -21 25 0
-72 18 -40 0
-17 -74 -32 0
-59 -24 -36 0
-41 35 -68 0
15 -51 44 0
32 35 59 0
-17 -38 -19 0
3 27 -4 0
68 -53 -47 0
62 -3 39 0
49 22 -2 0
-57 -23 69 0
-48 73 -28 0
15 3 -21 0
27 14 -7 0
63 56 -38 0
-69 -40 32 0
46 22 43 0
68 -67 -52 0
58 -50 57 0
53 -14 9 0
29 -74 -35 0
-32 -2 51 0
34 23 -12 0
-5 -30 -8 0
15 -35 -53 0
-5 -33 -50 0
9 71 -33 0
54 73 -62 0
-43 -28 -63 0
-64 70 -47 0
55 -7 -40 0
71 49 11 0
51 -23 -29 0
74 71 51 0
-36 68 44 0
32 48 62 0
-29 -18 60 0
-73 -65 13 0
25 50 -41 0
-64 -46 -28 0
57 75 -4 0
-41 -59 56 0
-73 40 11 0
5 -56 19 0
61 30 69 0
-27 66 -56 0
-23 -62 -16 0
5 49 -73 0
-13 -58 -68 0
57 65 -5 0
60 59 -31 0
13 -15 38 0
60 41 -36 0
-17 -72 -16 0
20 70 -72 0
55 -69 -19 0
-41 73 -35 0
-28 -48 71 0
-2 32 -44 0
69 44 21 0
-23 -21 8 0
-49 -57 29 0
-67 25 -15 0
3 16 -41 0
52 43 -18 0
-24 -52 -15 0
2 -34 -10 0
-58 34 17 0
45 -9 -14 0
-53 -75 -32 0
38 69 49 0
68 -73 59 0
-38 -19 -10 0
-72 4 -49 0
-72 39 19 0
-41 -38 58 0
-73 -56 3 0
-14 12 17 0
1 -46 -65 0
22 -36 -32 0
-7 -26 30 0
-39 -53 -60 0
-21 25 -32 0
-57 51 59 0
-61 -1 29 0
-66 -18 69 0
-52 29 -45 0
48 -17 -7 0
55 -26 -49 0
-12 10 41 0
-32 -27 75 0
-65 10 -26 0
27 -64 74 0
-16 45 64 0
-19 51 26 0
51 -14 12 0
23 4 -70 0
-46 5 64 0
-62 60 1 0
-17 -62 47 0
-56 -13 22 0
7 41 -37 0
-66 -41 -19 0
-1 -59 -61 0
18 -10 -34 0
64 -51 67 0
-45 -53 4 0
65 -53 -33 0
6 -70 -63 0
-3 27 -32 0
60 -3 -2 0
-52 68 -22 0
36 -55 -2 0
-65 -29 -54 0
-10 -29 4 0
63 23 25 0
-65 66 27 0
-20 51 17 0
11 -55 -73 0
-7 71 55 0
18 53 50 0
25 54 26 0
18 10 -68 0
-67 28 71 0
-4 -14 -27 0
22 42 -5 0
-53 -40 22 0
-46 13 1 0
-5 30 -3 0
54 50 30 0
15 -68 -35 0
-51 -50 74 0
-70 43 -58 0
25 8 -52 0
-50 45 37 0
60 -39 33 0
-27 -13 -46 0
-35 -51 -9 0
40 30 35 0
53 -56 -27 0
-63 56 75 0
28 -34 -26 0
75 5 -55 0
62 58 49 0
-39 -35 8 0
70 -43 57 0
-45 20 -46 0
30 43 22 0
58 74 42 0
-71 -58 -57 0
-13 62 -14 0
-14 74 43 0
75 50 -55 0
-56 -37 45 0
70 16 -29 0
16 70 23 0
18 55 26 0
52 71 8 0
50 54 41 0
17 9 -69 0
3 67 41 0
-46 -34 -23 0
59 -4 44 0
-13 20 -25 0
72 -36 31 0
58 43 -27 0
-22 -64 19 0
-60 -51 2 0
-55 -29 -58 0
-34 -49 -2 0
-8 -51 -48 0
18 35 49 0
-37 58 -22 0
72 45 -68 0
-56 75 27 0
-35 -60 -67 0
37 20 -68 0
-16 -40 64 0
-13 73 69 0
-15 -43 49 0
20 13 14 0
-68 57 21 0
35 34 -8 0
31 33 63 0
20 52 -5 0
19 47 44 0
69 6 13 0
-31 62 36 0
-69 45 -54 0
13 -50 -63 0
73 -56 74 0
3 17 52 0
-65 -63 39 0
16 -26 18 0
8 -59 -16 0
-21 5 9 0
14 69 32 0
-18 -11 -34 0
-21 -4 52 0
46 -2 -32 0
50 -72 9 0
43 40 36 0
10 -42 52 0
-28 -41 1 0
39 3 33 0
-64 -18 -21 0
29 35 -19 0
-52 3 -13 0
-22 68 -33 0
45 4 -50 0
-27 31 -7 0
63 60 72 0
59 -20 -3 0
-16 9 49 0
-18 -75 24 0
-35 39 -57 0
-73 21 53 0
-74 -8 -44 0
52 50 45 0
-39 17 64 0
-21 -9 -39 0
43 69 68 0
-48 20 29 0
-6 -13 -71 0
-67 22 15 0
-3 -55 -71 0
1 -52 -32 0
-20 31 -55 0
-7 50 -47 0
-72 -13 29 0
3 28 -48 0
-57 16 26 0
6 31 38 0
1 5 46 0
63 56 -69 0
-10 59 72 0
-74 -64 -58 0
29 -8 72 0
-60 6 17 0
-67 57 -35 0
-51 10 -36 0
-23 66 11 0
-27 46 -17 0
-8 33 43 0
44 -33 -24 0
7 34 51 0
30 28 39 0
23 -65 2 0
-46 13 23 0
50 71 -15 0
-25 75 35 0
-12 10 -56 0
s UNSATISFIABLE
d decisions 111
