c Random 3-SAT instance
c alpha = 6.0, N = 75, L = 450, instance = 11
p cnf 75 450
63 -74 -9 0
-59 -44 -29 0
-43 -29 23 0
41 -67 42 0
57 27 -10 0
53 -39 33 0
70 34 22 0
68 -69 -73 0
6 -44 -49 0
49 33 66 0
59 24 53 0
12 47 -37 0
-63 -5 44 0
12 -26 -34 0
-51 25 56 0
54 15 7 0
50 27 55 0
-26 -16 51 0
-25 47 -54 0
25 14 -34 0
-11 -4 64 0
-49 54 -35 0
47 59 -4 0
-53 -37 -71 0
-41 -17 -22 0
-61 -57 9 0
59 -25 40 0
14 18 -40 0
-32 56 -40 0
-65 -35 -72 0
-31 -26 -43 0
-64 38 -26 0
19 -27 -39 0
26 -8 16 0
24 53 41 0
-45 15 6 0
18 -16 53 0
20 48 64 0
-2 -33 -31 0
-56 -53 10 0
-55 23 43 0
34 68 47 0
64 -68 -72 0
55 -46 9 0
43 -4 -36 0
-22 50 51 0
26 66 -63 0
-61 24 6 0
27 -11 -38 0
46 6 11 0
50 53 9 0
-39 -49 19 0
-28 -25 36 0
-57 -5 46 0
-64 34 -68 0
12 -16 -28 0
44 -18 -41 0
30 12 44 0
66 74 9 0
-33 46 -48 0
63 -18 -24 0
-10 13 -57 0
-43 -23 62 0
-10 22 31 0
36 -12 34 0
-72 39 68 0
-65 -30 60 0
-56 61 -13 0
-75 -20 6 0
50 23 -40 0
-40 30 61 0
67 -35 52 0
13 -1 -39 0
46 28 -20 0
48 -42 16 0
-20 25 -21 0
-36 -13 72 0
51 -11 57 0
-18 46 9 0
-23 47 -3 0
44 -2 -41 0
-47 74 28 0
-55 44 -47 0
-11 19 -3 0
27 62 11 0
-47 -50 -15 0
-20 -43 -61 0
-22 66 -26 0
-36 48 -16 0
-7 -75 -29 0
-12 73 46 0
50 -36 -30 0
30 5 -56 0
48 -26 40 0
6 18 -44 0
11 -39 -21 0
62 63 66 0
-54 6 -55 0
74 -65 -13 0
21 11 26 0
-37 14 -49 0
63 -4 35 0
9 -47 27 0
54 -62 53 0
8 49 -70 0
-48 -43 -70 0
-31 -44 40 0
-47 -65 62 0
13 65 -50 0
62 -37 59 0
-5 -49 25 0
16 -14 15 0
44 -43 -61 0
42 69 -19 0
-34 2 4 0
-60 1 -26 0
-35 17 -26 0
-59 -24 6 0
45 60 -17 0
22 -37 -19 0
-2 56 -9 0
-47 11 25 0
-6 -15 -75 0
41 -49 35 0
-11 1 -32 0
-37 -63 12 0
-7 -29 12 0
37 -57 -61 0
73 -6 35 0
58 -53 70 0
28 47 27 0
-13 -18 66 0
-14 3 41 0
74 -38 10 0
4 -26 58 0
13 74 -14 0
28 1 -72 0
-29 27 38 0
17 -21 -16 0
-75 6 50 0
58 -30 -26 0
67 70 30 0
9 -51 -53 0
-36 14 73 0
-14 73 33 0
-73 -15 -8 0
-16 67 18 0
67 -2 -18 0
-1 18 7 0
62 4 38 0
56 -2 -14 0
-6 -9 2 0
-14 -20 -24 0
-21 -57 -50 0
28 18 61 0
47 22 73 0
75 11 -12 0
12 -48 30 0
21 46 -48 0
-37 -63 -34 0
29 -53 42 0
29 34 18 0
49 -5 50 0
22 -62 69 0
-69 -36 -8 0
58 2 26 0
-7 -8 36 0
-37 -53 23 0
-58 -20 -70 0
-67 -41 43 0
-17 35 52 0
50 -56 21 0
41 -69 -62 0
-40 -23 68 0
-24 43 22 0
-2 19 -27 0
70 -18 -1 0
38 26 -48 0
-56 68 64 0
-10 24 -29 0
-75 35 64 0
11 -18 -47 0
25 -17 4 0
70 -36 2 0
-15 32 -20 0
23 -4 68 0
-54 63 -57 0
-29 -73 -21 0
60 -9 -72 0
37 36 -25 0
46 57 38 0
-41 -51 -28 0
-75 -49 64 0
-58 -30 -60 0
38 -50 57 0
29 4 -70 0
22 -48 47 0
14 -26 20 0
-35 -7 72 0
-18 -64 26 0
-7 -34 -17 0
-46 38 -13 0
29 -48 69 0
-62 -40 71 0
-59 -63 73 0
69 -39 32 0
-73 34 -42 0
30 -42 60 0
24 -33 40 0
23 -37 27 0
13 10 -38 0
-42 -47 19 0
60 48 9 0
60 27 9 0
7 -24 29 0
-70 14 -65 0
53 -65 -3 0
-44 -5 -75 0
55 36 12 0
-54 -75 -27 0
55 -30 36 0
-49 -59 -9 0
55 -4 17 0
-28 55 -44 0
14 -6 62 0
27 52 17 0
8 49 -2 0
-66 -32 33 0
-22 -54 58 0
62 -26 19 0
-34 26 37 0
-48 62 71 0
-51 -66 19 0
-14 11 7 0
-21 -13 41 0
58 44 63 0
-30 5 51 0
11 71 -50 0
10 39 1 0
-55 -57 61 0
51 -19 58 0
68 47 -7 0
-69 12 47 0
-34 -53 28 0
-59 -11 32 0
-46 -70 50 0
-37 64 -73 0
-17 -20 41 0
-49 -44 -48 0
-49 -72 34 0
57 -72 44 0
-8 -21 3 0
27 -13 29 0
39 55 1 0
-64 -71 56 0
19 -8 -49 0
12 42 -19 0
-55 47 38 0
4 -28 23 0
-72 16 47 0
-10 -19 -58 0
11 37 -62 0
-62 -42 -51 0
34 24 42 0
71 49 -22 0
-48 15 -10 0
59 -26 8 0
13 8 27 0
-44 53 -25 0
-28 74 71 0
8 -15 71 0
-57 -8 62 0
6 52 30 0
56 6 -50 0
-28 -73 39 0
18 -29 -3 0
-73 -67 15 0
25 52 6 0
14 75 6 0
22 45 20 0
16 -35 -46 0
-62 -39 11 0
-53 -14 71 0
32 60 26 0
-48 -32 -64 0
-3 28 -72 0
-61 62 31 0
-40 -17 55 0
-19 -32 -71 0
45 33 -68 0
-22 11 10 0
-33 -20 -18 0
-72 53 21 0
24 -39 20 0
60 67 6 0
-72 47 65 0
4 39 -24 0
-33 29 -42 0
25 -36 8 0
-65 -17 -46 0
13 18 42 0
-24 -3 -8 0
-35 -30 16 0
36 29 -71 0
-35 34 26 0
23 63 -1 0
29 -67 68 0
-72 29 55 0
69 27 2 0
-20 -75 9 0
24 -49 20 0
-34 40 63 0
-45 -33 -35 0
-39 -55 -63 0
10 56 -52 0
-16 8 42 0
-48 36 21 0
4 -38 2 0
-47 62 66 0
27 -24 -54 0
12 -42 -33 0
-16 -73 -47 0
46 42 14 0
47 -19 -34 0
12 52 35 0
58 -50 74 0
-37 -2 43 0
69 -47 11 0
-19 40 -35 0
30 -64 18 0
6 59 9 0
10 66 17 0
64 20 -7 0
-10 -60 -66 0
14 -28 -60 0
68 28 6 0
-8 27 -33 0
35 61 59 0
16 38 -15 0
48 2 -50 0
-37 49 50 0
-3 -16 -22 0
-58 -50 27 0
-58 14 -3 0
-73 65 -64 0
72 26 -10 0
48 57 13 0
34 10 42 0
35 55 -42 0
73 -51 34 0
30 32 42 0
-61 74 -13 0
-22 -70 -18 0
60 54 -1 0
-70 65 43 0
-71 -40 -30 0
6 53 -47 0
-20 15 22 0
-35 -42 -32 0
-69 -60 -42 0
-51 -60 37 0
57 28 -53 0
-39 -66 -34 0
-71 63 64 0
70 -34 -46 0
56 -69 40 0
4 63 11 0
51 52 39 0
-66 -73 -23 0
67 56 32 0
-70 -49 -33 0
7 46 -66 0
43 -35 37 0
40 -30 18 0
-36 -8 7 0
-23 -60 -16 0
-70 44 -12 0
54 53 -58 0
16 -6 -17 0
22 -42 75 0
9 -74 -45 0
63 -48 2 0
2 -21 36 0
44 74 -51 0
-67 21 70 0
-9 20 -8 0
-69 3 -46 0
6 -43 -21 0
67 44 38 0
-22 12 20 0
-45 -47 -17 0
53 48 34 0
50 -59 56 0
-37 31 73 0
-67 19 65 0
-46 -48 -13 0
-7 34 -71 0
46 -17 -29 0
60 19 39 0
-71 69 70 0
43 -71 -37 0
-53 -54 59 0
-71 26 4 0
-67 35 -14 0
33 41 -35 0
17 -10 12 0
48 -18 28 0
-70 -37 4 0
-75 69 -70 0
-74 -46 7 0
19 48 -58 0
37 -58 49 0
20 69 51 0
-45 -20 -61 0
65 -74 -41 0
30 -13 -41 0
-25 74 -42 0
-25 48 8 0
-50 60 45 0
-61 36 -14 0
32 -36 11 0
61 12 -56 0
-35 18 67 0
52 -27 -23 0
-22 38 13 0
34 -13 -52 0
-43 12 -33 0
-9 35 7 0
-63 39 -6 0
10 -72 -50 0
1 -44 -18 0
49 67 2 0
-45 -21 33 0
36 -64 -12 0
70 15 -74 0
45 -74 13 0
-67 26 -70 0
44 -21 27 0
54 -73 -2 0
-63 23 -36 0
1 2 58 0
22 -47 54 0
-17 49 -70 0
49 -33 -59 0
-26 65 -24 0
36 -20 -25 0
4 -69 -51 0
67 -44 -21 0
-60 -5 49 0
36 33 -12 0
s UNSATISFIABLE
d decisions 103
