c Random 3-SAT instance
c alpha = 9.5, N = 75, L = 712, instance = 239
p cnf 75 712
10 -57 74 0
33 -41 -43 0
-24 -57 -11 0
-56 32 12 0
-65 -68 -41 0
20 -26 -2 0
3 70 -50 0
-36 72 16 0
13 -44 -37 0
25 62 -42 0
22 12 -15 0
-29 35 -1 0
16 29 70 0
26 -21 59 0
52 -37 50 0
-2 -53 -28 0
22 21 38 0
-52 41 69 0
67 -48 -69 0
-57 -20 -19 0
31 -14 -27 0
20 -37 -23 0
67 -34 -59 0
7 -24 14 0
-60 -58 -35 0
-75 -47 -18 0
60 32 46 0
10 75 22 0
34 -21 -14 0
60 54 7 0
68 -72 8 0
57 63 65 0
-73 55 24 0
-1 28 71 0
9 44 -46 0
-13 -17 -24 0
30 -74 17 0
48 13 20 0
-68 75 40 0
52 63 -57 0
34 -53 68 0
22 59 -13 0
-21 71 -64 0
75 25 55 0
66 35 -38 0
36 -49 33 0
7 39 34 0
44 46 -51 0
-23 -71 8 0
36 -41 37 0
-49 9 66 0
-13 19 -1 0
-31 62 45 0
13 24 14 0
-52 57 19 0
28 -71 31 0
-19 62 -34 0
-62 48 -14 0
-6 -34 39 0
66 13 63 0
12 -41 -37 0
11 30 -31 0
-66 51 -48 0
56 -66 -27 0
-19 -33 -5 0
-37 -32 -36 0
59 70 -51 0
42 -8 45 0
67 26 44 0
32 53 -43 0
-36 -30 41 0
-73 -6 -13 0
-49 -70 65 0
-42 59 -1 0
53 -33 2 0
-21 -47 -48 0
-44 8 -37 0
-11 -37 -16 0
23 -29 46 0
9 13 -1 0
57 -58 40 0
-5 -10 -37 0
-32 3 -22 0
-51 24 -27 0
14 57 74 0
-18 -64 -72 0
-58 -68 16 0
22 75 70 0
33 -72 -48 0
-8 2 41 0
-37 48 19 0
26 -34 42 0
31 67 34 0
-31 -7 -36 0
-75 -18 38 0
18 -44 -47 0
-4 45 44 0
-74 -38 -21 0
27 -39 -72 0
2 55 68 0
47 -59 21 0
-39 20 -47 0
15 39 24 0
-47 72 -68 0
59 -22 -29 0
-23 -14 -59 0
25 -2 -31 0
39 -52 48 0
48 5 -66 0
24 48 -69 0
-2 15 66 0
28 -51 12 0
-75 -13 -56 0
21 -74 56 0
14 -3 41 0
-74 -73 40 0
28 -61 48 0
72 7 -44 0
-44 -2 -72 0
-73 12 -50 0
23 -60 -62 0
28 29 -52 0
-24 63 60 0
-25 61 10 0
-33 17 5 0
-3 56 -38 0
24 49 19 0
42 23 -62 0
13 33 63 0
9 -64 -36 0
19 -66 75 0
-70 -74 -8 0
47 61 46 0
12 -68 11 0
-28 25 -22 0
-67 -74 -51 0
58 -22 -61 0
-17 51 48 0
44 -63 75 0
2 -10 15 0
-42 45 -55 0
-60 46 -67 0
-32 53 29 0
-63 33 53 0
-12 -6 -68 0
-67 -19 3 0
-73 9 -10 0
-75 -5 30 0
-42 -62 41 0
57 37 -47 0
-4 -6 45 0
-26 -21 54 0
-8 -7 -71 0
-7 8 -57 0
55 45 8 0
64 38 54 0
-36 -52 31 0
-42 -74 -48 0
-58 33 54 0
16 -61 22 0
-13 -22 21 0
60 -72 -33 0
-37 12 -7 0
-35 -21 15 0
37 2 58 0
-44 -53 -73 0
-59 -54 -57 0
42 -74 60 0
-68 -32 15 0
-44 9 -65 0
-60 71 46 0
15 18 30 0
-21 -71 59 0
-48 35 -67 0
3 -64 73 0
-33 -55 19 0
45 48 20 0
-44 -7 23 0
50 46 6 0
6 -57 -30 0
34 75 -50 0
-38 -37 -70 0
5 29 -63 0
12 63 -75 0
12 -71 -40 0
66 -16 -49 0
-40 -44 -59 0
-59 -54 -37 0
-12 25 41 0
34 -67 -57 0
-40 46 -37 0
-7 69 20 0
-66 -12 -8 0
44 57 -50 0
-15 -51 -20 0
-60 -6 29 0
-49 45 40 0
-4 49 69 0
28 64 3 0
-15 -28 -31 0
-51 59 -35 0
-25 -44 21 0
62 68 25 0
-61 20 62 0
-73 25 59 0
54 71 32 0
-60 27 41 0
42 -52 -9 0
73 7 15 0
-32 74 -36 0
8 38 34 0
-6 -16 3 0
-5 53 -58 0
66 14 45 0
-66 24 36 0
-4 -74 -48 0
-4 -7 18 0
-58 -59 -73 0
34 72 -52 0
-68 40 31 0
-55 -46 -22 0
-28 40 27 0
-19 75 47 0
-11 48 -9 0
-60 21 -5 0
48 53 23 0
71 41 46 0
47 -58 -43 0
-49 3 9 0
48 64 -7 0
-8 -14 42 0
1 -16 -40 0
-25 -1 -14 0
21 31 46 0
-73 57 -21 0
-25 -6 73 0
-63 52 4 0
-62 -75 34 0
39 -61 53 0
-70 -36 -25 0
56 -69 20 0
70 67 -45 0
56 -1 -49 0
25 48 51 0
-64 54 -36 0
-13 -10 52 0
37 -8 -60 0
51 29 59 0
-25 -56 66 0
-56 -49 54 0
63 -47 11 0
26 54 2 0
-45 -15 48 0
24 75 -16 0
63 -55 13 0
64 -38 -27 0
-5 -1 25 0
73 -30 -75 0
51 -17 -46 0
-39 -11 9 0
17 -41 69 0
-15 17 63 0
34 48 16 0
-74 -19 44 0
21 20 26 0
-46 48 20 0
33 -65 55 0
-23 56 36 0
17 50 -42 0
60 -56 -62 0
-49 19 72 0
-11 23 -33 0
40 -32 -59 0
-66 64 -2 0
-68 45 5 0
-67 16 -1 0
-2 -8 54 0
49 28 39 0
-44 66 -6 0
-38 43 -50 0
-24 -21 -58 0
-17 53 -48 0
50 65 -19 0
-52 -49 -2 0
50 -61 66 0
-51 55 64 0
58 15 25 0
-20 -48 -42 0
67 -29 -50 0
8 -7 -60 0
64 -38 4 0
54 -12 -11 0
56 75 -1 0
-20 -12 -44 0
39 -16 52 0
-2 70 33 0
-10 -55 12 0
34 10 36 0
75 -9 56 0
75 14 26 0
-53 37 28 0
-7 18 -67 0
-47 -25 -12 0
12 28 52 0
67 8 42 0
-35 67 14 0
-8 71 -44 0
-44 73 2 0
-6 75 73 0
17 -42 -43 0
-36 -10 65 0
-1 -64 42 0
-32 74 15 0
-10 11 59 0
-24 51 -67 0
27 33 60 0
6 -38 26 0
65 -32 -17 0
-10 3 58 0
-46 72 -53 0
-20 11 75 0
-5 72 -19 0
-18 31 -41 0
-46 -29 -41 0
-4 -27 -32 0
-27 -29 22 0
52 42 -17 0
72 -37 14 0
37 -52 -9 0
20 3 -34 0
-39 -71 -60 0
56 28 48 0
-20 -59 45 0
68 -13 4 0
-62 -75 63 0
16 75 -61 0
-28 -19 -7 0
-73 12 -51 0
23 25 1 0
21 61 66 0
49 -72 -42 0
-3 23 -46 0
-68 -46 14 0
-67 72 52 0
-57 74 4 0
56 -37 9 0
-23 -58 28 0
45 30 20 0
-47 -5 -64 0
-3 11 -24 0
-39 59 -58 0
-11 23 67 0
-71 24 -17 0
-43 -66 45 0
-30 47 46 0
58 35 -63 0
-42 10 -31 0
75 -26 -51 0
-69 35 41 0
46 60 -29 0
-58 3 22 0
70 -14 -35 0
-74 -50 54 0
-22 -28 -29 0
-17 49 14 0
-28 -8 57 0
35 25 52 0
65 39 15 0
59 64 -48 0
31 -67 16 0
-1 -63 -65 0
3 -12 -50 0
12 -29 -34 0
-45 12 60 0
12 58 -59 0
28 -13 -45 0
70 21 34 0
-63 -61 -16 0
61 -20 -41 0
67 -18 45 0
56 39 75 0
-63 52 4 0
51 -32 68 0
-24 -5 -33 0
-60 26 -44 0
57 71 39 0
-1 41 33 0
-17 70 44 0
40 60 -73 0
-28 -49 -32 0
-9 1 -48 0
38 -18 1 0
-21 -38 -31 0
41 -46 73 0
-50 72 38 0
9 17 -27 0
63 -20 28 0
-44 -63 15 0
-56 -30 74 0
24 56 -42 0
-63 -32 -65 0
62 2 -43 0
-2 49 24 0
66 -65 -73 0
-34 -12 -10 0
-54 1 -56 0
-36 -53 -34 0
44 -56 29 0
-26 -56 -54 0
-12 37 -14 0
2 -63 -26 0
44 -10 -7 0
-67 -58 28 0
-50 -70 -39 0
-35 -57 -17 0
-2 16 -34 0
-22 25 -19 0
11 46 -70 0
22 51 8 0
-4 -13 -56 0
55 33 27 0
-69 -31 32 0
-17 50 -31 0
56 -12 60 0
39 70 -42 0
70 35 16 0
-28 60 34 0
-26 71 -35 0
36 -40 -48 0
21 -49 -50 0
-28 -33 -22 0
-41 20 -9 0
-19 12 -31 0
-12 21 -52 0
46 60 57 0
70 -56 -5 0
68 51 47 0
-45 -67 8 0
-25 68 -29 0
-75 59 -41 0
-7 73 14 0
37 -28 16 0
27 -65 56 0
70 72 59 0
-26 24 54 0
-71 59 -51 0
45 54 -24 0
-39 11 22 0
-3 -68 27 0
65 -62 -25 0
42 10 -21 0
19 42 -26 0
-34 61 2 0
-61 54 46 0
-53 -50 62 0
-47 -41 65 0
33 24 46 0
-58 -10 -15 0
-57 3 29 0
61 -40 19 0
21 31 3 0
-29 22 34 0
-64 -31 -17 0
-36 -45 32 0
25 14 -49 0
-68 52 -17 0
47 -7 59 0
67 -49 -41 0
66 -46 -21 0
39 48 20 0
68 -2 -3 0
-24 -18 -57 0
-63 -1 41 0
-69 -22 67 0
72 -68 -7 0
18 13 27 0
11 66 -20 0
-2 7 33 0
30 55 68 0
12 71 31 0
-23 -33 70 0
13 74 62 0
-25 63 -72 0
-3 35 54 0
49 -5 -45 0
-42 -11 -35 0
65 -27 -16 0
-53 -52 -50 0
56 -44 -25 0
20 52 -3 0
31 -63 -12 0
71 -60 -43 0
73 -42 -10 0
10 69 -70 0
-73 -74 -46 0
66 -68 -31 0
-19 69 34 0
-73 -43 -55 0
40 37 25 0
-67 7 15 0
-10 65 -54 0
36 -16 19 0
48 40 30 0
-2 28 -69 0
-4 -56 64 0
-61 -9 -44 0
34 26 -44 0
-1 46 -50 0
-73 1 -4 0
42 17 41 0
-15 32 -71 0
2 -5 -3 0
-11 67 69 0
-59 36 -69 0
-40 -55 -38 0
32 13 -74 0
-50 27 52 0
-62 25 15 0
-34 -29 -27 0
20 3 -23 0
63 -52 -25 0
-20 74 -57 0
65 -30 -2 0
-43 -2 -18 0
48 40 -28 0
-71 28 12 0
-59 -58 -11 0
10 32 44 0
-74 -31 16 0
70 -58 23 0
-26 -23 -21 0
51 27 59 0
-72 50 -39 0
-1 -5 60 0
-56 -43 -67 0
32 43 -40 0
6 -70 11 0
-9 -74 28 0
-37 -20 60 0
-67 -71 20 0
-12 66 42 0
27 28 9 0
-8 43 -56 0
45 -62 64 0
57 -4 14 0
71 -33 4 0
70 62 24 0
55 -56 -69 0
43 -63 -71 0
-6 -71 22 0
-62 18 52 0
-42 -48 63 0
-70 43 -31 0
-59 38 43 0
-12 -36 58 0
-21 31 40 0
-18 72 50 0
-44 35 48 0
-68 -16 64 0
-16 -10 17 0
-40 62 -24 0
-45 10 16 0
-8 30 -21 0
21 29 -61 0
64 -15 14 0
41 -12 59 0
11 -36 -51 0
18 -7 -36 0
40 18 -61 0
-28 -26 -25 0
-10 -19 55 0
-56 16 2 0
49 -64 14 0
-49 -13 -6 0
68 23 13 0
51 -18 -44 0
39 35 58 0
71 -14 -4 0
4 -2 -51 0
60 75 8 0
11 -24 31 0
-13 63 10 0
62 36 -34 0
-33 -5 -74 0
60 -23 -35 0
-22 -62 27 0
-11 16 -59 0
39 9 13 0
-42 -22 47 0
2 -15 33 0
20 73 51 0
-10 -8 17 0
-34 -41 -1 0
-35 -75 20 0
69 66 -74 0
68 59 14 0
31 5 26 0
68 -41 40 0
-50 23 -11 0
20 -49 -4 0
-39 9 -56 0
31 18 -21 0
9 16 -49 0
-31 43 59 0
-52 66 4 0
-23 -11 7 0
33 -75 55 0
-19 -23 -51 0
-43 -66 -57 0
59 3 64 0
-31 -24 1 0
-8 -13 55 0
-16 -70 -10 0
22 -53 -56 0
3 -54 -57 0
-18 25 8 0
48 25 -50 0
18 36 -64 0
57 -64 16 0
21 60 -48 0
-8 56 26 0
51 21 -56 0
33 66 75 0
20 56 -1 0
3 -10 -16 0
11 -23 -50 0
-70 40 -3 0
17 10 7 0
48 -35 -4 0
15 43 4 0
47 -3 -26 0
-22 -18 -40 0
-75 -4 63 0
-21 49 -33 0
60 18 20 0
-39 52 62 0
1 -3 -28 0
24 13 72 0
40 -34 62 0
19 35 -68 0
3 30 -73 0
-40 -24 73 0
-51 17 22 0
-11 30 -21 0
68 -23 49 0
31 -5 -42 0
-21 9 53 0
4 -10 -69 0
-45 -2 -73 0
71 -10 31 0
72 -62 6 0
34 -74 -24 0
-18 14 -49 0
5 49 -45 0
-14 -57 -70 0
-19 36 22 0
-36 -35 -29 0
-40 7 -46 0
26 30 -34 0
65 54 -36 0
-61 45 39 0
46 -39 -71 0
-25 70 -2 0
60 27 -48 0
-27 -5 -28 0
-43 -24 -26 0
-69 -1 -16 0
-75 -37 -38 0
-17 -24 34 0
-63 69 61 0
-23 -53 57 0
-66 -14 41 0
20 25 23 0
-67 8 -3 0
-45 68 -6 0
54 -27 9 0
-40 70 7 0
25 57 -46 0
29 14 -75 0
53 72 31 0
-49 70 11 0
22 -18 -47 0
-15 40 50 0
-59 51 7 0
-53 67 51 0
6 -11 30 0
34 -19 13 0
39 -67 -52 0
5 29 -14 0
-17 40 -1 0
37 -38 -10 0
-15 26 -73 0
72 25 -8 0
6 16 65 0
-1 17 60 0
-41 11 30 0
37 -16 -42 0
-75 -20 41 0
14 -65 29 0
43 30 73 0
-42 -65 73 0
18 60 -74 0
57 27 59 0
-72 4 -6 0
-18 -30 -26 0
-31 14 49 0
-4 58 16 0
-42 -22 30 0
-58 -60 62 0
70 35 44 0
-25 46 61 0
27 73 15 0
s UNSATISFIABLE
d decisions 36
