c Random 3-SAT instance
c alpha = 7.0, N = 75, L = 525, instance = 171
p cnf 75 525
-59 -74 -75 0
-28 46 -23 0
2 52 21 0
-19 -58 20 0
10 34 59 0
-51 -29 -27 0
12 40 49 0
-59 -10 -43 0
-73 -67 64 0
9 11 74 0
-53 -31 69 0
-56 6 40 0
66 -20 -46 0
-74 25 47 0
69 -53 35 0
34 -75 -5 0
-56 -11 -58 0
-46 23 -19 0
-3 28 33 0
-45 29 69 0
64 26 -71 0
-11 24 1 0
70 55 -46 0
20 73 29 0
7 42 47 0
52 -20 27 0
50 -73 61 0
-54 71 8 0
29 -52 -60 0
31 -60 53 0
56 26 -32 0
-34 -37 59 0
-15 -69 2 0
-31 3 -61 0
-59 -53 -70 0
38 62 -5 0
-60 20 63 0
-68 61 46 0
35 63 -56 0
-65 -14 -50 0
40 -36 59 0
-23 56 34 0
43 -41 50 0
29 -75 58 0
-68 -3 -57 0
-5 24 55 0
72 34 33 0
56 -30 19 0
70 8 -10 0
-41 -70 40 0
41 -30 73 0
-54 74 -64 0
72 -54 -8 0
-28 -49 -34 0
32 -74 -66 0
68 28 43 0
-55 59 1 0
51 61 4 0
6 9 20 0
6 68 -39 0
-16 -2 -59 0
-13 -18 4 0
-57 -62 7 0
-72 61 -26 0
-35 -59 50 0
-21 -15 -30 0
-75 -33 -19 0
65 -17 3 0
17 51 -70 0
49 43 9 0
27 49 -1 0
-34 -18 -28 0
-63 54 -1 0
34 -56 61 0
16 -21 -15 0
43 67 9 0
-2 -34 11 0
-51 -24 -68 0
-72 -53 58 0
48 58 -32 0
-18 12 -10 0
-71 32 53 0
17 -37 5 0
-8 44 20 0
42 -10 62 0
35 24 2 0
6 16 61 0
56 37 -31 0
-46 -48 -34 0
27 -43 -15 0
-32 -20 46 0
18 71 40 0
-13 68 8 0
-56 1 -62 0
36 3 23 0
-72 69 48 0
57 49 38 0
11 71 63 0
-42 62 58 0
-29 -73 6 0
-2 54 -46 0
19 -39 40 0
72 16 -50 0
70 26 66 0
14 37 -66 0
-46 74 -14 0
-30 -69 13 0
-75 49 8 0
28 -55 31 0
-4 -55 -42 0
-54 -58 36 0
73 -49 -60 0
-59 -30 26 0
22 5 -46 0
-4 -12 37 0
-62 -59 54 0
16 -57 23 0
-36 -51 53 0
29 33 11 0
39 -22 30 0
-13 61 -22 0
-13 37 5 0
70 60 -67 0
-53 44 -24 0
5 55 25 0
59 9 14 0
64 61 -53 0
16 67 38 0
35 10 38 0
-50 -70 63 0
-24 67 33 0
-13 32 75 0
-49 52 58 0
10 -73 68 0
28 -19 -63 0
-17 23 37 0
45 51 -7 0
-70 -60 -28 0
-16 63 8 0
45 -53 69 0
-49 21 -10 0
-36 2 -24 0
-66 -59 21 0
60 27 -54 0
26 15 50 0
14 4 -35 0
6 -9 -1 0
-67 -72 7 0
18 -59 -61 0
-39 -62 -2 0
25 57 53 0
19 -63 22 0
3 -17 -16 0
-39 -21 -5 0
61 -25 -17 0
-24 -48 -43 0
-17 -38 72 0
65 64 74 0
14 2 -72 0
-66 39 -63 0
-39 -16 49 0
-33 11 -46 0
5 56 -38 0
14 63 1 0
-10 32 72 0
11 -22 29 0
54 2 17 0
-4 -39 -46 0
-53 13 4 0
17 27 59 0
27 15 75 0
58 -63 61 0
23 -21 -65 0
53 39 -12 0
33 -26 64 0
-13 71 -65 0
-53 12 -3 0
-70 -56 -38 0
-57 43 -55 0
74 -47 54 0
-32 49 14 0
-8 35 -49 0
-13 55 60 0
40 42 51 0
22 -7 57 0
58 56 74 0
-15 71 -64 0
-62 -69 -38 0
39 63 53 0
-50 -75 -19 0
-38 53 -75 0
-35 9 -39 0
-4 30 18 0
-25 54 43 0
-19 -54 31 0
-30 69 63 0
-26 12 48 0
27 -45 69 0
-5 26 -9 0
29 24 -57 0
35 -33 -30 0
-72 -7 -6 0
-35 -38 -66 0
35 -25 -63 0
25 -46 -19 0
-44 55 40 0
-48 71 -3 0
-37 -51 -74 0
3 -72 49 0
-66 16 61 0
56 55 -74 0
-1 -68 38 0
-62 42 10 0
68 13 -33 0
4 -6 -63 0
63 19 65 0
34 -2 -27 0
48 -43 37 0
-23 15 35 0
-60 -69 54 0
-1 20 -25 0
-1 -16 -26 0
-64 -21 68 0
49 30 -64 0
58 60 4 0
-70 8 -60 0
30 8 -57 0
-63 -33 9 0
-3 -61 64 0
-28 -26 11 0
-64 75 73 0
27 -73 -46 0
61 -73 -37 0
-9 15 -36 0
-49 5 38 0
-30 63 61 0
63 -50 -36 0
58 73 36 0
-53 -35 45 0
-29 -35 -49 0
-53 6 20 0
-14 -4 7 0
15 -35 -55 0
-8 13 74 0
3 -56 -6 0
59 -52 26 0
64 61 -59 0
-7 -18 64 0
13 -48 32 0
2 -52 -74 0
-60 18 -12 0
-73 50 17 0
36 -21 10 0
-35 -46 57 0
36 -67 -32 0
-52 -34 7 0
22 11 18 0
-58 -46 5 0
-34 49 25 0
49 -9 -41 0
73 -39 54 0
32 -25 -63 0
13 12 -65 0
-71 40 19 0
20 23 32 0
38 -54 33 0
70 44 -7 0
-34 -70 -64 0
-3 -34 -57 0
45 39 -24 0
42 -53 -41 0
48 -38 -55 0
-11 -30 -34 0
21 45 61 0
31 -19 72 0
-24 19 52 0
-45 -62 -25 0
34 72 -40 0
-70 12 67 0
50 -6 35 0
10 63 53 0
3 44 -18 0
-20 -47 -25 0
-48 46 16 0
56 -36 -45 0
-24 -14 -74 0
-36 2 -63 0
-29 -56 -47 0
-63 74 -9 0
-40 9 -42 0
-54 -75 -61 0
53 45 -75 0
39 -36 -59 0
49 -52 -21 0
-41 -20 -26 0
-18 -54 37 0
27 53 9 0
-24 -50 -18 0
-58 -67 -31 0
-6 -71 1 0
-17 21 22 0
-52 30 -35 0
-60 -70 4 0
-45 66 -32 0
47 -71 -33 0
4 51 14 0
-73 -66 3 0
-25 9 -12 0
27 3 -7 0
-71 -16 61 0
43 72 -12 0
69 70 -46 0
-32 42 56 0
36 25 -47 0
28 -39 49 0
71 -26 -36 0
66 18 15 0
-31 -23 14 0
21 60 15 0
40 48 -7 0
-34 45 -54 0
-3 -28 60 0
-53 21 -10 0
11 -13 22 0
-17 -5 -53 0
45 -32 5 0
2 44 -49 0
-42 -57 37 0
64 25 -16 0
3 -5 16 0
-64 28 73 0
-46 3 -69 0
41 1 30 0
-70 45 -9 0
6 8 41 0
-13 -11 -3 0
-54 70 22 0
-26 19 -4 0
58 -57 -20 0
-67 -71 -8 0
-5 44 72 0
42 -56 -4 0
70 -46 4 0
-35 63 -9 0
-13 9 -47 0
4 -39 24 0
-41 -58 67 0
61 -39 -64 0
48 3 17 0
-17 19 -36 0
-20 54 70 0
44 -27 65 0
-65 50 1 0
-19 -27 -28 0
51 -57 -4 0
36 62 -1 0
-67 46 -74 0
60 -11 39 0
34 -58 31 0
73 16 -75 0
66 -8 33 0
3 27 -25 0
55 -36 22 0
72 25 -2 0
-3 -61 -18 0
43 -42 -51 0
-54 13 27 0
-28 61 24 0
-68 -3 56 0
-28 -43 -75 0
-12 -31 -48 0
2 44 47 0
60 61 -14 0
23 -14 -60 0
-54 43 -25 0
41 -58 14 0
-16 9 -63 0
54 50 30 0
-12 62 -68 0
41 55 62 0
30 -57 -42 0
-60 66 -12 0
69 16 -54 0
4 -49 52 0
41 15 -70 0
-36 -60 -55 0
-14 -35 -57 0
12 -23 -24 0
-42 -1 16 0
-61 -45 -43 0
16 -56 -2 0
-43 -39 -24 0
-36 14 -9 0
-36 74 -51 0
44 -4 19 0
-34 14 46 0
45 -15 -41 0
-31 3 -34 0
10 -20 18 0
-35 -40 -56 0
-9 -68 -74 0
36 -67 -1 0
43 68 19 0
49 -51 42 0
-10 -7 60 0
43 71 5 0
-47 57 73 0
-66 37 -30 0
-8 -10 -36 0
-52 -8 -68 0
-25 12 -46 0
-41 -64 58 0
-44 -39 53 0
67 -54 28 0
-20 12 11 0
-37 72 -68 0
-8 -35 -47 0
4 -18 -26 0
-30 69 38 0
69 35 54 0
-19 57 32 0
61 53 2 0
56 43 10 0
-68 30 -31 0
62 -32 -22 0
-43 -50 26 0
68 -51 -28 0
57 22 -51 0
1 -54 -70 0
-6 -71 -30 0
44 66 55 0
-42 -8 -72 0
-65 12 -25 0
-68 -46 -30 0
-29 -34 25 0
17 48 71 0
42 12 61 0
70 6 -39 0
28 1 -29 0
-68 49 5 0
72 51 -17 0
51 29 8 0
64 32 59 0
-57 66 -11 0
-38 5 64 0
53 28 -11 0
-67 29 -63 0
-33 65 60 0
63 38 48 0
-24 30 -75 0
-21 -69 6 0
-36 4 72 0
-54 -23 -22 0
-27 62 -26 0
-39 -9 35 0
-68 26 17 0
-10 18 -74 0
34 -67 -44 0
50 62 -63 0
-56 37 10 0
75 3 25 0
58 30 52 0
49 -51 -14 0
22 55 16 0
63 -26 47 0
18 -17 11 0
51 -2 33 0
18 51 -31 0
-69 35 -44 0
6 62 -19 0
-65 -74 17 0
-14 -56 -48 0
28 -13 59 0
-2 56 35 0
71 2 -28 0
5 -55 -75 0
4 65 -27 0
-38 57 5 0
43 37 -71 0
48 30 20 0
-20 22 -67 0
-19 -37 -17 0
50 -5 -27 0
57 -14 -68 0
-9 31 -13 0
-12 -50 -16 0
24 30 6 0
28 68 27 0
-71 57 53 0
-23 -66 -16 0
-22 1 57 0
-39 -69 -37 0
-8 -16 66 0
-42 20 -68 0
49 3 -55 0
71 -68 60 0
-65 -3 22 0
-52 39 -54 0
66 -59 31 0
54 46 16 0
57 8 -35 0
-1 20 72 0
44 -36 61 0
69 60 -32 0
-14 57 -26 0
-19 52 -2 0
-27 8 43 0
-74 12 -44 0
-12 67 34 0
3 53 -58 0
-27 16 11 0
-24 -75 -37 0
61 -3 27 0
-48 -72 25 0
-48 38 64 0
-24 -55 -26 0
-70 -58 -35 0
62 -14 75 0
-22 20 5 0
22 -48 68 0
-51 -5 32 0
-50 -9 13 0
-72 58 -17 0
10 21 40 0
41 34 -9 0
s UNSATISFIABLE
d decisions 70
