c Random 3-SAT instance
c alpha = 9.5, N = 75, L = 712, instance = 3
p cnf 75 712
6 -5 21 0
-18 72 27 0
13 -38 37 0
55 -9 7 0
59 -64 3 0
-54 20 -30 0
-1 -40 -35 0
-62 57 56 0
-57 12 9 0
18 52 73 0
-44 -61 48 0
-34 -53 63 0
-52 31 56 0
68 -45 44 0
-11 19 35 0
-48 26 -55 0
56 71 -4 0
8 26 -29 0
53 -16 28 0
-31 14 20 0
73 72 17 0
69 6 -66 0
48 9 46 0
-30 58 70 0
-34 73 -17 0
48 8 37 0
-1 31 71 0
-53 -36 -73 0
-72 -50 69 0
-10 62 -49 0
44 3 24 0
-60 -74 -33 0
-29 -30 -6 0
-13 44 68 0
2 -42 -8 0
-22 -27 -4 0
-2 43 14 0
-32 -52 7 0
75 -69 40 0
-65 -35 1 0
-71 9 -31 0
45 10 -58 0
-32 -41 -56 0
-49 16 63 0
10 -19 -48 0
-19 -26 -13 0
-74 -29 65 0
66 32 58 0
59 -48 -28 0
2 -73 -63 0
-47 -33 -5 0
10 -8 -68 0
41 1 6 0
-22 -39 -64 0
-48 -18 -10 0
-20 -6 40 0
67 57 73 0
70 16 -50 0
17 52 -41 0
1 -53 -46 0
-17 37 -36 0
22 58 69 0
-18 17 -41 0
-37 -42 -51 0
-16 -26 59 0
-58 68 24 0
57 15 -70 0
3 45 -2 0
-55 35 66 0
-75 -32 2 0
-33 30 -50 0
24 53 -45 0
57 9 10 0
1 9 26 0
51 29 -30 0
55 -15 -5 0
-52 -38 -48 0
2 54 31 0
-24 -37 47 0
-57 -13 -67 0
-73 42 -54 0
39 -10 43 0
-69 -70 -52 0
-20 -23 -74 0
42 57 -39 0
-64 3 -6 0
-33 67 -30 0
-2 34 -46 0
54 -9 71 0
67 -9 22 0
-40 -14 54 0
71 4 49 0
63 -34 59 0
71 12 21 0
-5 -29 20 0
18 29 45 0
34 2 65 0
-49 30 -15 0
-20 69 17 0
51 -49 22 0
54 26 -7 0
53 10 -15 0
-54 61 40 0
56 -70 -17 0
75 -45 -20 0
58 37 75 0
-2 -21 42 0
71 43 -58 0
-35 -7 -11 0
63 -5 32 0
-24 -38 -74 0
44 51 35 0
-74 75 48 0
-46 63 37 0
-26 63 70 0
75 74 -25 0
-42 -55 56 0
-51 -18 -57 0
-70 48 -61 0
-9 -24 -19 0
-63 26 29 0
29 -18 10 0
-33 48 34 0
17 37 -33 0
49 35 -61 0
-23 -27 49 0
-3 23 -51 0
-73 25 -49 0
-67 36 19 0
41 16 52 0
-62 23 -58 0
71 24 7 0
3 -25 68 0
-55 70 40 0
34 -37 50 0
51 18 67 0
-72 -38 -60 0
-47 -51 -29 0
67 21 -47 0
6 -5 52 0
-50 46 -3 0
-64 62 71 0
33 -66 11 0
14 75 -66 0
51 8 75 0
73 -18 58 0
44 -7 -22 0
29 -9 69 0
-63 -43 21 0
71 4 -38 0
51 -11 6 0
-15 -21 53 0
-3 4 -66 0
-15 -66 38 0
62 10 -59 0
25 75 -41 0
-46 -4 -43 0
29 -71 10 0
32 -46 23 0
-24 -5 -48 0
40 38 19 0
65 -17 75 0
-75 -10 -6 0
-67 -5 -28 0
34 -59 -31 0
-75 -51 59 0
30 -72 -55 0
36 10 -6 0
-53 -72 18 0
-12 -66 18 0
-62 -38 12 0
52 -44 14 0
-41 -4 71 0
-31 -73 -45 0
32 21 72 0
-11 -67 61 0
38 -49 69 0
-72 -56 64 0
3 30 -71 0
-70 62 -50 0
-23 52 -13 0
-28 23 61 0
-45 55 -67 0
73 13 -53 0
70 -44 -30 0
9 4 26 0
-56 -7 32 0
10 -70 -33 0
28 -4 48 0
-10 -20 56 0
64 11 -2 0
-12 -29 25 0
59 9 -36 0
24 13 -6 0
3 5 -15 0
-73 72 -60 0
-59 58 -72 0
43 -29 16 0
17 -8 45 0
38 57 -14 0
74 -54 -64 0
-29 32 20 0
50 14 -66 0
-34 -20 13 0
-23 8 -34 0
72 -38 10 0
43 69 -74 0
25 -69 -65 0
-45 44 36 0
-50 37 73 0
-64 -8 57 0
28 8 -58 0
-3 41 -27 0
37 -60 -6 0
-47 39 48 0
-53 -60 47 0
-34 67 17 0
-67 -47 -60 0
-17 -44 -9 0
1 21 -14 0
-56 42 -34 0
-28 38 -57 0
-16 66 -12 0
10 -39 -28 0
-48 14 -16 0
-70 -31 33 0
16 40 -75 0
15 -7 48 0
64 56 23 0
37 49 -33 0
-70 35 65 0
-12 -10 13 0
28 -10 67 0
-61 -1 7 0
-26 62 -68 0
11 -56 18 0
-67 36 -70 0
62 48 -9 0
-75 -48 70 0
-14 -34 -13 0
69 -33 41 0
-14 -59 42 0
-7 -30 25 0
-13 37 15 0
-56 -75 -57 0
61 57 -65 0
21 71 -41 0
-25 -52 -4 0
53 -67 50 0
62 -2 42 0
5 -39 15 0
55 72 1 0
39 73 -51 0
73 42 11 0
23 27 45 0
-12 -10 34 0
60 47 4 0
75 44 62 0
-73 -25 -57 0
68 60 -11 0
-69 -8 51 0
71 38 -43 0
-25 12 32 0
-73 52 -29 0
-69 38 37 0
-11 -32 -13 0
-12 -62 48 0
-57 52 -36 0
21 -57 25 0
53 12 -71 0
31 7 24 0
-21 -39 9 0
20 4 31 0
39 -42 -63 0
37 53 36 0
-69 -23 3 0
-11 14 -48 0
25 71 -75 0
-44 -13 66 0
5 -21 7 0
-35 -42 68 0
21 59 -20 0
-39 -26 65 0
-41 21 58 0
-17 -6 -58 0
70 -23 16 0
27 -60 -35 0
-5 18 15 0
-53 -49 65 0
-57 -19 -67 0
40 2 6 0
8 -45 -57 0
-32 -50 22 0
-18 -23 58 0
73 5 -6 0
-32 70 65 0
-12 2 25 0
51 33 35 0
-69 55 -28 0
58 41 68 0
64 -50 71 0
-44 -67 -56 0
10 -43 -6 0
26 -17 -23 0
-22 24 -8 0
-33 -39 -73 0
-56 -12 -6 0
-38 -28 31 0
15 -50 40 0
23 -46 -19 0
-64 40 39 0
69 -68 -7 0
7 -64 32 0
59 33 69 0
-50 -62 -72 0
4 26 -39 0
1 23 -30 0
45 56 68 0
-45 -25 -13 0
-71 59 17 0
-15 -71 -16 0
-29 -13 -16 0
-9 21 32 0
-29 -34 -38 0
2 -37 -68 0
17 51 61 0
-49 34 65 0
67 32 -52 0
-36 -51 -55 0
26 -74 41 0
18 -35 68 0
-57 -36 15 0
70 36 72 0
-8 -37 -59 0
-57 5 -23 0
-64 -18 62 0
4 66 -13 0
6 8 2 0
9 18 -6 0
38 42 -49 0
15 42 -49 0
14 53 -34 0
-4 46 36 0
-48 58 -24 0
56 -71 -10 0
-21 18 -10 0
-61 67 20 0
36 -53 -43 0
-54 66 -73 0
19 3 -22 0
-10 -60 40 0
-46 -62 30 0
16 73 -8 0
-17 -18 16 0
-45 56 18 0
48 -1 -30 0
26 -46 -4 0
69 -25 -55 0
17 -69 -54 0
-10 -55 71 0
53 43 64 0
4 -50 -47 0
6 -21 -71 0
4 23 60 0
57 -15 8 0
-36 40 67 0
-74 -38 -52 0
-36 -42 -8 0
66 58 -71 0
51 46 48 0
-56 -40 -34 0
-61 -18 45 0
-17 36 31 0
22 70 -46 0
9 39 -53 0
19 8 -42 0
39 -34 -10 0
2 -38 22 0
-59 8 -7 0
28 46 67 0
-72 31 65 0
11 -54 63 0
-70 5 -14 0
66 8 -55 0
67 -23 -18 0
59 42 72 0
-69 -31 13 0
-17 -24 -31 0
48 -14 75 0
65 -62 41 0
-17 15 -14 0
-16 52 61 0
-72 -32 15 0
26 15 61 0
-41 40 29 0
22 -17 -15 0
-70 -74 -24 0
72 35 12 0
11 -15 41 0
-43 -49 -62 0
44 37 -36 0
26 40 -60 0
71 -29 -62 0
43 38 -61 0
-52 -70 48 0
48 -31 -38 0
73 -49 -48 0
-21 61 -13 0
29 -53 14 0
-70 2 55 0
-4 45 -36 0
-1 -37 -48 0
-42 -24 3 0
75 72 25 0
-44 13 -60 0
55 -58 15 0
27 74 -65 0
-3 61 35 0
-66 62 3 0
7 23 6 0
42 -38 -11 0
-59 -14 -10 0
-33 -61 -43 0
72 45 -35 0
-74 -48 11 0
32 14 51 0
75 -48 -43 0
62 -1 17 0
9 21 -36 0
23 -1 -56 0
20 46 9 0
-58 -41 75 0
-7 45 -72 0
4 16 -31 0
36 74 30 0
30 -2 1 0
47 -10 -52 0
49 48 -3 0
16 58 61 0
26 31 -62 0
22 -49 42 0
43 8 55 0
-56 25 45 0
-35 41 74 0
-73 19 -36 0
15 39 40 0
-32 36 -63 0
67 56 -34 0
56 39 7 0
-7 -10 -55 0
18 -75 39 0
33 63 -16 0
-59 -73 -28 0
-45 26 -59 0
18 54 50 0
-50 18 70 0
-18 -20 1 0
-29 4 -57 0
70 -46 69 0
-12 -72 27 0
2 -21 -42 0
10 -60 58 0
5 -34 68 0
60 46 15 0
33 -3 -26 0
-17 65 7 0
45 1 14 0
38 45 20 0
73 -4 -46 0
14 70 16 0
2 18 36 0
49 51 -58 0
-3 45 20 0
-10 49 9 0
-37 -54 34 0
19 57 -21 0
-29 43 -4 0
75 -5 -26 0
-17 -1 58 0
57 18 -62 0
19 12 -14 0
12 9 -40 0
-22 -14 -54 0
23 72 21 0
-10 -50 -9 0
-61 -18 26 0
-57 20 -49 0
-27 -38 55 0
-28 -19 12 0
60 28 1 0
16 20 -32 0
-20 8 -66 0
-61 74 -8 0
-54 -12 67 0
-23 -50 -6 0
-71 -36 15 0
3 72 5 0
-51 -68 17 0
35 -43 37 0
-36 -3 16 0
66 -35 71 0
-12 52 57 0
57 -40 -19 0
35 59 -25 0
9 -33 -44 0
15 9 -50 0
11 -23 -56 0
-36 -65 53 0
36 -60 63 0
-56 -13 5 0
-28 -20 31 0
49 69 -8 0
-59 21 17 0
-37 35 -41 0
48 -74 -15 0
29 71 -40 0
-63 37 22 0
-37 -60 -59 0
-23 13 41 0
-68 -56 -39 0
10 36 35 0
-70 54 49 0
-11 54 -13 0
41 5 12 0
9 -32 -48 0
49 20 71 0
-15 11 -68 0
43 -48 55 0
-42 -50 -65 0
-20 -24 8 0
-34 13 -7 0
65 27 -74 0
-14 -55 -45 0
-63 24 -39 0
45 17 49 0
57 -42 14 0
14 64 -56 0
-57 -10 -44 0
21 -35 -34 0
-2 52 18 0
-25 71 51 0
-64 3 -11 0
67 35 -49 0
68 -50 20 0
36 -65 -67 0
36 -13 69 0
-16 59 -56 0
-42 5 67 0
19 -27 16 0
-20 70 -75 0
-41 -21 -65 0
-50 7 36 0
-56 -42 54 0
-38 18 57 0
-58 49 -45 0
-39 -60 -48 0
-6 3 -26 0
-52 -42 17 0
68 -13 74 0
-47 52 -61 0
18 7 -53 0
-59 1 72 0
-16 5 -43 0
44 -40 -22 0
51 -31 -2 0
55 -29 -27 0
56 22 -48 0
-65 -6 35 0
-23 -43 -39 0
25 -43 52 0
-40 14 54 0
-10 58 -53 0
20 -65 -38 0
-29 -51 -36 0
30 34 -43 0
18 39 9 0
22 32 -49 0
-17 62 -24 0
-32 -9 3 0
-35 -11 -43 0
65 -56 -41 0
-14 25 -20 0
65 -9 57 0
43 -12 6 0
2 -52 39 0
60 22 46 0
44 -26 5 0
-22 -37 -10 0
-16 33 -49 0
-6 30 -36 0
9 27 -49 0
28 66 23 0
-72 -70 11 0
22 -15 24 0
46 -66 13 0
-19 59 39 0
46 -22 5 0
33 -5 -23 0
-40 -4 -23 0
-51 30 -67 0
58 63 46 0
-55 32 -29 0
-16 -37 59 0
-32 -69 31 0
72 20 59 0
-62 -55 39 0
33 74 64 0
-43 12 -29 0
-23 47 -11 0
-49 -47 25 0
-44 -38 26 0
-41 75 17 0
-10 -5 -41 0
-20 71 9 0
-47 21 30 0
2 -10 -6 0
66 74 71 0
-11 38 58 0
75 -9 64 0
9 -66 -16 0
62 13 -58 0
-33 64 -11 0
3 -60 -19 0
52 5 37 0
-6 -51 62 0
38 -16 21 0
-53 -66 -55 0
-49 66 45 0
-43 35 41 0
-53 8 22 0
41 68 10 0
31 68 -5 0
-30 6 -26 0
-42 20 -33 0
57 -60 7 0
47 24 40 0
1 -63 48 0
11 -33 62 0
66 -3 -7 0
-14 35 64 0
68 -13 -67 0
-74 -18 -10 0
73 -28 -13 0
46 63 -13 0
38 71 60 0
16 61 60 0
-64 -41 19 0
-53 24 -5 0
-49 -29 41 0
2 -44 59 0
27 22 67 0
-49 35 -64 0
24 5 -14 0
36 -67 -42 0
-57 -19 -48 0
-20 65 -24 0
-67 -65 40 0
58 -12 64 0
-3 40 -50 0
70 45 -31 0
-66 -44 -64 0
28 59 65 0
44 -53 -70 0
-26 -60 -69 0
-50 25 -58 0
-71 52 29 0
61 70 5 0
-21 42 20 0
-10 -21 -40 0
-1 53 -15 0
-21 -47 64 0
-48 -74 -63 0
35 59 49 0
-44 12 67 0
-60 73 37 0
18 48 72 0
-43 69 -3 0
-65 -40 -19 0
46 28 69 0
-27 22 -60 0
49 -3 -29 0
-24 41 60 0
58 -32 -25 0
-53 -54 -7 0
35 -53 34 0
38 -58 51 0
69 71 8 0
-48 7 -65 0
-53 34 19 0
51 -2 11 0
1 15 -21 0
67 -45 -38 0
-59 19 43 0
8 -66 55 0
24 -39 -67 0
-44 48 -63 0
-61 -31 -72 0
-48 -26 -18 0
65 -12 -29 0
34 -8 12 0
-41 -34 -22 0
27 71 -50 0
51 -49 30 0
-7 -10 -68 0
24 12 50 0
16 63 -14 0
-2 25 58 0
59 58 -38 0
-42 22 -56 0
-32 1 -46 0
-59 39 -57 0
-27 64 -66 0
s UNSATISFIABLE
d decisions 31
