c Random 3-SAT instance
c alpha = 8.0, N = 75, L = 600, instance = 189
p cnf 75 600
72 14 -62 0
-8 27 66 0
-36 6 67 0
73 7 13 0
-75 -27 -12 0
64 34 68 0
-26 3 40 0
17 -67 55 0
-59 -67 -56 0
51 19 -66 0
16 14 48 0
-1 -22 23 0
-23 -64 27 0
-64 -22 -9 0
-20 61 39 0
49 -68 36 0
-46 9 66 0
-57 -74 -43 0
2 20 -1 0
55 72 73 0
-51 46 -31 0
-6 5 -7 0
29 -28 -17 0
-26 -68 69 0
-30 60 -46 0
-35 -45 -55 0
-1 65 3 0
22 71 -3 0
-41 42 -45 0
-53 -45 10 0
-68 49 -5 0
22 41 71 0
21 -16 46 0
43 64 -26 0
73 23 33 0
53 66 7 0
14 -27 -19 0
24 51 48 0
30 -42 33 0
35 -67 -4 0
35 -71 -62 0
-54 -62 -65 0
21 5 49 0
-9 -35 33 0
33 62 -56 0
-75 -74 -24 0
4 5 -63 0
-19 -18 -24 0
-3 -18 -17 0
-6 -58 45 0
10 51 61 0
-50 39 -54 0
73 68 4 0
19 9 -6 0
-47 -21 -38 0
-23 30 14 0
48 -57 -40 0
50 -42 73 0
57 -58 73 0
-2 -68 3 0
71 41 49 0
-45 -20 -52 0
-38 6 -10 0
5 -72 43 0
62 -56 20 0
54 9 -30 0
70 72 44 0
8 -3 -62 0
62 64 29 0
31 -48 50 0
47 24 -71 0
51 35 -71 0
-42 10 20 0
-7 -26 -17 0
-51 56 67 0
-61 -4 20 0
67 -39 51 0
-15 -36 -55 0
-75 -66 9 0
-26 59 32 0
-43 30 -21 0
34 24 -73 0
6 -45 24 0
58 34 3 0
-23 -45 72 0
-67 74 -7 0
3 37 -23 0
53 -74 54 0
-56 -63 -2 0
56 14 -52 0
-4 -7 -21 0
-33 35 64 0
41 -29 -7 0
55 7 30 0
67 -47 -13 0
-72 24 -49 0
-74 -34 -58 0
-8 -29 -32 0
33 65 -34 0
54 11 7 0
-72 16 -17 0
-3 30 29 0
29 69 -22 0
-48 60 -44 0
54 -20 5 0
-47 73 -11 0
-18 -15 -42 0
55 -22 -29 0
74 -42 35 0
39 74 53 0
10 66 -75 0
29 63 -57 0
-48 -38 -68 0
-26 7 14 0
-19 61 -55 0
71 59 -16 0
-29 -44 13 0
-15 75 23 0
-53 18 60 0
42 56 -52 0
32 -6 10 0
1 15 71 0
-2 26 -71 0
-63 -4 55 0
65 -74 -40 0
-63 -74 36 0
-64 44 13 0
-67 -13 18 0
-53 -68 -24 0
-44 -41 -29 0
-52 58 -54 0
6 54 -12 0
68 40 -69 0
-34 19 8 0
-29 65 47 0
-48 41 -60 0
-61 46 -38 0
-4 72 -35 0
8 -72 -18 0
-39 29 -27 0
47 -42 59 0
21 51 59 0
-60 59 -54 0
18 -46 4 0
15 64 30 0
9 23 -29 0
-4 -63 -66 0
-31 -35 7 0
23 -13 47 0
-6 -36 15 0
44 9 -3 0
-18 68 11 0
-17 -67 28 0
-47 26 -58 0
49 45 -62 0
43 48 62 0
74 56 13 0
17 -50 -59 0
-35 26 -34 0
-55 -23 -61 0
71 42 26 0
1 -49 60 0
-10 -34 -30 0
6 18 -75 0
-16 48 75 0
-75 32 -66 0
-20 73 -48 0
-20 5 -36 0
41 -15 -31 0
-7 42 51 0
22 47 -44 0
51 -53 -20 0
63 -9 31 0
43 -74 39 0
-51 -75 69 0
65 71 -26 0
-4 -14 -29 0
40 -15 -20 0
-72 -63 -25 0
-23 -20 9 0
-29 2 -43 0
-40 -44 46 0
-47 -21 74 0
-60 6 53 0
-12 27 67 0
38 12 -19 0
14 -42 13 0
-63 46 38 0
-30 -42 29 0
-53 -75 -26 0
28 -30 23 0
30 63 23 0
-20 18 -35 0
-56 49 64 0
-46 30 28 0
57 -12 -69 0
56 -65 39 0
17 -13 -53 0
48 38 12 0
37 -61 -5 0
-22 48 30 0
-59 58 3 0
41 45 -29 0
-69 16 30 0
-26 35 8 0
75 -8 36 0
67 -37 -44 0
45 6 -20 0
1 25 -61 0
13 -52 -75 0
53 -74 -7 0
-72 68 -35 0
-5 50 47 0
-52 -60 -50 0
7 71 -64 0
-39 46 -38 0
43 39 -75 0
28 -30 64 0
31 -9 -32 0
42 -60 66 0
-15 21 -6 0
-49 -29 -18 0
-5 -27 -26 0
69 -8 58 0
-10 -61 47 0
52 68 72 0
1 57 40 0
-68 20 -11 0
-70 -40 26 0
-43 35 -53 0
47 68 72 0
5 -6 -55 0
-72 -1 -42 0
60 -15 -12 0
39 15 14 0
57 -44 -43 0
-2 31 73 0
20 22 66 0
-56 -9 -62 0
-31 2 39 0
1 9 64 0
-65 -13 40 0
48 -65 21 0
2 -37 70 0
43 -71 60 0
53 56 -57 0
-20 -65 -22 0
41 -5 -48 0
41 -1 27 0
-53 -51 19 0
36 24 14 0
-1 22 -58 0
-49 41 -14 0
-29 33 -49 0
49 45 -5 0
59 -21 65 0
67 44 30 0
71 -34 20 0
30 -63 32 0
-74 -66 51 0
-3 71 -5 0
-44 -58 13 0
58 62 27 0
-32 -56 38 0
-30 51 44 0
-15 28 42 0
-3 -26 -67 0
33 -42 32 0
10 5 3 0
22 36 65 0
49 43 66 0
-8 -68 40 0
7 59 -53 0
54 -3 -33 0
56 24 -38 0
-38 26 50 0
57 27 -70 0
-46 70 -33 0
71 -39 -54 0
-71 -5 -53 0
46 59 43 0
74 44 -30 0
60 -47 -50 0
39 -32 -2 0
54 6 27 0
38 -66 71 0
15 -23 19 0
51 -56 -60 0
68 61 -4 0
49 -44 -41 0
72 57 66 0
50 41 68 0
-70 60 -8 0
28 68 -14 0
46 -27 -72 0
-48 16 39 0
-37 18 15 0
-51 70 3 0
-43 -42 63 0
-5 -75 2 0
-44 20 -49 0
-53 8 57 0
-54 45 -24 0
47 -27 2 0
-53 43 -62 0
67 -15 -31 0
16 25 28 0
54 -73 -51 0
22 -41 -53 0
67 -57 20 0
4 56 -52 0
4 61 62 0
40 -64 11 0
-26 -41 -62 0
14 -15 -42 0
29 60 36 0
27 -37 36 0
14 -64 22 0
20 -68 -6 0
-59 34 -22 0
56 29 18 0
-21 14 -61 0
-34 -47 58 0
34 -48 -75 0
74 -63 65 0
-11 9 72 0
-34 -30 32 0
-18 -53 2 0
35 -62 70 0
-75 -9 50 0
-28 48 -63 0
3 5 71 0
-73 48 12 0
16 3 -14 0
39 -38 -65 0
69 -38 44 0
-35 -22 29 0
-73 -42 -2 0
-31 50 -67 0
39 -38 -51 0
-46 -47 19 0
-12 47 17 0
-25 16 56 0
17 -64 -62 0
-10 -29 26 0
69 35 73 0
-26 60 -13 0
7 -19 55 0
-67 72 -71 0
-30 9 2 0
60 15 30 0
-8 -26 -67 0
-42 44 -7 0
-7 28 48 0
55 30 -7 0
63 -32 -64 0
-33 6 65 0
-20 -49 17 0
-59 57 58 0
-25 60 62 0
20 -23 -25 0
-60 51 -33 0
38 -10 -32 0
72 41 34 0
75 19 39 0
68 -12 -48 0
-35 32 -23 0
58 35 65 0
63 65 -46 0
-75 -49 33 0
72 -33 -68 0
-43 6 -67 0
-40 -46 68 0
22 55 -38 0
-68 1 33 0
-11 42 51 0
68 -19 -66 0
60 -64 46 0
23 -48 -62 0
-46 -16 -30 0
52 -55 -73 0
-11 -32 52 0
-24 45 2 0
-10 -62 12 0
54 22 -68 0
47 -25 -10 0
-29 49 -27 0
-49 -16 -17 0
45 26 -9 0
19 31 11 0
-15 -30 -74 0
51 25 -66 0
71 -34 40 0
-55 -75 43 0
-25 3 70 0
-47 49 -57 0
43 15 -70 0
-46 6 14 0
-22 -53 -7 0
73 6 40 0
55 -1 47 0
8 38 13 0
-4 -23 69 0
-2 -69 57 0
21 47 70 0
52 -57 -68 0
23 -20 -48 0
61 -44 74 0
-69 21 10 0
74 -18 27 0
-3 55 13 0
-61 55 70 0
71 15 -26 0
-27 -41 48 0
53 62 40 0
-45 22 52 0
-16 -26 69 0
-41 3 17 0
-43 -74 -26 0
42 26 62 0
29 6 49 0
1 -61 -8 0
-42 -9 -70 0
-15 7 6 0
-61 -25 49 0
-67 -43 -36 0
64 23 -26 0
-47 -16 20 0
-9 -43 72 0
14 15 29 0
-27 11 54 0
32 22 -23 0
43 -4 24 0
49 -3 48 0
74 -45 -53 0
-39 3 -17 0
40 3 -46 0
-58 -22 -3 0
62 33 51 0
72 63 19 0
-18 2 45 0
-9 -14 -61 0
9 46 -29 0
-73 -72 35 0
45 -25 -65 0
31 -48 -18 0
53 67 8 0
23 32 -6 0
43 -22 66 0
-62 1 -31 0
47 -43 -22 0
6 -49 -36 0
-68 -60 71 0
34 74 27 0
-59 -46 -71 0
54 -31 -63 0
-22 63 64 0
-9 -42 7 0
-6 -9 29 0
20 45 -18 0
12 28 -43 0
-33 -75 6 0
46 15 -55 0
41 46 -74 0
59 -55 -32 0
28 53 -46 0
-59 24 -40 0
40 1 12 0
-10 68 -19 0
-53 -5 -23 0
-21 50 57 0
65 -47 -46 0
-72 66 25 0
-55 60 49 0
9 -35 -68 0
-65 55 60 0
-71 -19 41 0
-35 20 -70 0
-18 -4 27 0
37 19 14 0
-43 7 29 0
46 -69 -63 0
-58 75 5 0
23 -19 28 0
-34 41 6 0
-65 28 41 0
-40 7 1 0
38 -56 -61 0
-63 2 37 0
-8 29 -17 0
-71 7 4 0
25 -64 -13 0
-43 -1 22 0
2 -14 16 0
41 9 -24 0
37 -58 38 0
3 -45 -56 0
-68 20 -53 0
50 47 64 0
-17 -59 -72 0
32 62 46 0
-18 -27 60 0
-37 -27 -11 0
34 -2 10 0
-35 38 71 0
-40 5 19 0
-13 -75 62 0
45 67 6 0
47 -8 -56 0
-49 -15 -70 0
-4 -25 -64 0
27 -51 -72 0
-5 -51 45 0
-5 19 18 0
-9 40 3 0
46 -58 -19 0
25 49 61 0
-22 -54 53 0
8 7 -41 0
74 5 -52 0
-19 58 -48 0
51 58 36 0
39 30 71 0
-60 74 75 0
52 -63 -21 0
1 67 -39 0
54 -8 40 0
-63 -15 50 0
-1 40 58 0
42 58 -4 0
-12 38 -1 0
-47 23 8 0
-42 38 -56 0
-52 5 3 0
57 48 62 0
-22 -28 -20 0
13 -18 -43 0
-5 -15 -73 0
74 55 -10 0
12 -39 -62 0
-63 -59 48 0
-8 33 57 0
19 1 -46 0
68 -20 -19 0
54 -11 7 0
-69 -25 -70 0
75 56 -21 0
34 60 12 0
-53 32 -35 0
27 8 28 0
19 -48 23 0
72 68 -23 0
-62 26 -53 0
32 2 -55 0
21 -4 -7 0
41 -62 -47 0
75 57 15 0
-44 39 -69 0
-56 -71 -41 0
49 5 -70 0
63 -38 -34 0
-15 51 32 0
72 -15 -61 0
-47 -56 -37 0
45 -33 -6 0
-37 -68 -41 0
15 -16 32 0
36 43 -10 0
33 -39 -4 0
-6 40 66 0
15 -60 59 0
-49 -31 -32 0
29 27 24 0
57 26 -21 0
-41 -10 -47 0
42 -19 36 0
66 -28 72 0
-32 -71 41 0
65 22 -40 0
-45 52 -53 0
-32 -28 -42 0
14 1 59 0
-21 -28 43 0
67 -14 31 0
-23 -38 48 0
-15 -63 40 0
69 44 -17 0
1 -23 -48 0
-71 -39 46 0
-53 -14 16 0
58 -59 74 0
-73 -48 45 0
-3 -34 19 0
-73 -48 62 0
-61 15 -20 0
32 -52 -10 0
-29 -31 -44 0
2 57 -53 0
53 49 14 0
-9 -34 38 0
s UNSATISFIABLE
d decisions 33
