c Random 3-SAT instance
c alpha = 7.5, N = 75, L = 562, instance = 130
p cnf 75 562
-18 46 27 0
-49 23 -3 0
-23 70 -57 0
69 36 9 0
-25 -16 58 0
-63 3 40 0
13 -9 6 0
-72 40 27 0
57 61 31 0
-10 -26 -41 0
-21 -60 7 0
-20 -59 7 0
58 33 -22 0
6 8 36 0
-49 -51 33 0
-50 -46 2 0
-52 6 8 0
-25 -42 75 0
-18 10 -42 0
29 -24 -54 0
-29 50 9 0
15 -5 59 0
66 62 24 0
11 56 -12 0
-51 -29 8 0
68 -21 -9 0
-8 55 14 0
52 -1 -14 0
-33 -29 37 0
-7 34 4 0
-36 -44 28 0
-36 18 6 0
-32 -75 73 0
-40 -50 12 0
-69 -47 -32 0
-70 63 -9 0
-62 -56 74 0
-27 63 -41 0
-28 -59 -46 0
23 -49 15 0
68 -21 5 0
41 -54 -57 0
71 6 36 0
32 -31 66 0
-1 -44 72 0
-66 -43 54 0
59 -47 -40 0
38 -75 -10 0
-20 62 10 0
59 43 -64 0
67 -74 -47 0
-25 -52 3 0
55 -64 63 0
-31 59 -6 0
71 -30 22 0
63 59 12 0
-42 -24 50 0
-14 -48 53 0
-53 46 38 0
-51 27 20 0
54 -41 -52 0
-68 -70 48 0
-67 44 38 0
-7 -47 -44 0
9 -41 58 0
-17 57 18 0
65 -42 43 0
-11 -73 -47 0
32 11 -40 0
-11 -46 1 0
74 -22 -28 0
-38 52 -3 0
2 17 -39 0
-17 -69 60 0
57 46 -10 0
56 34 -61 0
-64 15 26 0
34 -9 -64 0
58 -35 -70 0
-58 9 15 0
44 71 17 0
63 -32 46 0
15 28 35 0
12 -47 52 0
41 -27 -42 0
-12 60 75 0
-33 41 8 0
-17 -55 -68 0
-22 13 -49 0
-29 -56 18 0
-12 43 22 0
47 -68 44 0
12 -71 73 0
64 34 40 0
5 37 -13 0
67 56 -52 0
-68 65 13 0
50 54 -12 0
22 -32 -26 0
74 -51 30 0
32 -36 37 0
-10 50 57 0
40 25 -3 0
17 -60 -56 0
56 49 69 0
-57 -26 27 0
-36 16 -35 0
31 -33 -29 0
58 -4 8 0
-50 68 58 0
41 -26 30 0
29 -19 3 0
-70 13 5 0
68 8 -71 0
51 -52 -48 0
70 13 11 0
54 11 -43 0
72 27 7 0
-60 -55 62 0
-58 43 -1 0
-31 -28 -14 0
6 3 -47 0
40 42 39 0
-49 65 -47 0
62 -19 47 0
-48 -31 -18 0
23 -24 -5 0
44 12 45 0
34 -11 -30 0
-65 40 -43 0
63 38 24 0
3 12 2 0
3 -4 -67 0
-65 52 71 0
-24 -14 -28 0
-42 72 -4 0
25 -48 -17 0
-49 -22 2 0
-8 -67 -69 0
32 -50 5 0
-38 13 -36 0
-3 -14 31 0
52 49 2 0
-60 -72 -23 0
-42 70 61 0
-32 -30 10 0
-66 72 24 0
-9 -34 56 0
-68 7 -73 0
26 19 27 0
37 -2 -73 0
69 18 -58 0
-47 -69 62 0
43 -73 -14 0
49 -5 -48 0
-38 -35 -23 0
50 -43 24 0
74 70 43 0
-5 68 57 0
-44 17 -10 0
67 49 17 0
36 33 -13 0
-38 17 -15 0
56 -54 -43 0
74 18 71 0
-60 -17 -65 0
10 -28 20 0
60 -63 36 0
48 -54 5 0
-4 21 -71 0
-52 -56 5 0
-63 27 -68 0
-52 66 56 0
-38 21 44 0
-69 -47 -41 0
-64 -69 29 0
-20 60 9 0
57 29 -35 0
20 -48 64 0
-43 10 -59 0
38 49 -18 0
68 2 14 0
36 8 31 0
-8 -1 -72 0
16 67 -69 0
71 -5 34 0
-28 -40 44 0
45 -61 69 0
45 -3 59 0
-65 67 -21 0
22 -44 -25 0
32 15 39 0
62 -20 39 0
-15 73 18 0
-63 41 -48 0
5 -74 -54 0
-22 42 -63 0
-25 9 27 0
65 -12 -47 0
9 54 64 0
-61 21 57 0
42 -13 62 0
71 64 -48 0
-5 53 43 0
16 43 -53 0
74 -6 -34 0
58 -29 46 0
-30 -26 63 0
7 -23 49 0
-7 26 -43 0
-38 23 22 0
23 58 -7 0
6 58 -71 0
46 7 44 0
47 68 44 0
-19 33 -3 0
-24 8 73 0
-51 54 -67 0
32 -43 -25 0
69 -2 -10 0
-72 20 -37 0
-37 -21 -22 0
44 -53 -66 0
-49 -60 -10 0
56 -60 13 0
55 -27 44 0
-19 -63 -22 0
-37 -27 45 0
27 32 55 0
-2 -17 -70 0
7 47 -45 0
-49 -60 -47 0
45 -42 55 0
-59 58 38 0
22 -24 -55 0
-49 -12 -66 0
25 -36 -46 0
24 -1 -32 0
19 -20 32 0
-9 -58 49 0
-31 -75 5 0
41 63 -49 0
43 -53 -31 0
75 56 32 0
60 32 39 0
-18 -67 -38 0
-72 -11 21 0
42 -67 21 0
34 61 27 0
75 -7 21 0
-47 -7 -75 0
7 -45 17 0
41 -52 49 0
-72 -13 31 0
67 -54 -44 0
56 -31 -40 0
-51 4 2 0
-4 11 19 0
-66 -44 60 0
48 44 16 0
-24 72 60 0
26 4 44 0
-66 -68 -30 0
57 -45 7 0
-41 34 -74 0
47 -58 -55 0
-64 36 -45 0
-60 -19 52 0
-24 66 36 0
73 -36 33 0
24 -1 56 0
-14 23 -29 0
74 -47 25 0
3 -66 29 0
3 39 -28 0
1 -29 24 0
-63 -24 48 0
-14 -46 31 0
46 47 -44 0
-44 20 2 0
25 -51 45 0
-59 33 -62 0
-69 -12 -8 0
66 -56 68 0
68 -33 66 0
-24 5 -33 0
-20 -18 -1 0
-41 -18 19 0
-17 72 73 0
-47 50 -46 0
-44 65 64 0
-42 -57 30 0
37 -17 64 0
-44 -4 39 0
34 50 -64 0
21 -67 -2 0
74 61 30 0
56 -2 -43 0
-35 -50 73 0
-72 -69 68 0
40 69 -4 0
16 71 58 0
-32 57 30 0
-49 19 63 0
-39 11 -45 0
-25 -58 66 0
55 10 17 0
33 -74 -39 0
-74 24 72 0
23 -5 -66 0
53 22 2 0
37 -31 -40 0
-70 45 -74 0
-67 12 -71 0
-51 14 63 0
-17 57 -29 0
-24 25 71 0
38 39 -6 0
63 20 -36 0
-4 -10 33 0
-7 32 29 0
-62 43 64 0
-58 -65 -31 0
-50 -13 -5 0
28 41 59 0
-48 -14 -18 0
-27 -72 50 0
-53 18 54 0
-70 -9 45 0
-39 -59 -33 0
-28 49 59 0
-73 14 -62 0
1 20 -4 0
-51 -53 -71 0
17 12 27 0
43 51 33 0
74 22 -17 0
-16 -21 -36 0
39 2 47 0
-29 30 66 0
34 66 -24 0
53 -18 -19 0
-20 -3 68 0
-14 -61 40 0
-59 -57 53 0
-50 -23 -44 0
-61 -60 -68 0
65 -19 52 0
-46 -54 -51 0
-60 -35 11 0
48 13 -68 0
-66 63 -46 0
48 21 -72 0
-49 -60 -63 0
-9 53 23 0
-60 59 -21 0
51 2 -34 0
-44 63 34 0
29 53 -5 0
-68 -47 34 0
-62 -9 -69 0
1 -65 -67 0
-59 -22 58 0
70 -36 46 0
24 5 -46 0
-2 -3 28 0
-52 12 -66 0
7 -66 34 0
-15 -63 -6 0
27 -29 -53 0
-69 -47 -41 0
-69 -3 23 0
9 -39 -17 0
-37 48 42 0
38 57 68 0
-34 53 -17 0
63 52 -5 0
68 66 52 0
55 25 61 0
-55 35 6 0
-27 -72 13 0
56 -29 49 0
-59 73 -33 0
-28 -66 -32 0
16 -48 46 0
33 2 9 0
16 33 19 0
-68 63 -20 0
-43 54 75 0
42 -74 4 0
19 -28 56 0
35 58 -65 0
-41 51 -54 0
-2 -71 49 0
-74 -41 -21 0
63 41 36 0
-34 8 -40 0
19 16 -35 0
-3 -61 -72 0
63 47 65 0
54 -44 -51 0
-65 63 -21 0
-18 -42 45 0
-17 42 -44 0
-72 7 -14 0
31 68 -11 0
37 50 65 0
49 -36 17 0
73 16 1 0
-1 15 -65 0
44 68 33 0
-44 56 65 0
-23 -22 19 0
-3 -61 53 0
11 -24 -53 0
31 -55 14 0
-22 28 38 0
12 -64 -40 0
21 -9 60 0
-51 45 2 0
66 22 -54 0
40 -24 23 0
-28 -2 -68 0
-72 20 -61 0
67 13 -60 0
-1 14 -56 0
-4 -36 -62 0
-1 -58 -5 0
42 -62 -41 0
-21 61 -18 0
-50 49 -58 0
75 -48 37 0
26 -5 -75 0
-27 -29 52 0
-21 -25 56 0
16 13 -1 0
-32 -20 -62 0
-9 26 30 0
69 -61 55 0
-10 -11 -66 0
73 -61 67 0
48 -29 -39 0
1 -26 55 0
38 -11 -26 0
18 21 51 0
-65 -33 -60 0
-59 -31 -75 0
6 14 -36 0
52 34 58 0
-63 69 67 0
-37 -43 6 0
2 9 -51 0
-39 -25 -64 0
4 25 -31 0
-41 65 24 0
-7 51 -6 0
45 24 37 0
-37 -73 27 0
-71 -33 54 0
-29 30 -4 0
-42 -75 -31 0
-13 9 -56 0
-38 -1 -6 0
42 -27 47 0
-33 -24 1 0
48 2 -13 0
-18 -58 44 0
-37 -34 -75 0
-5 -10 -55 0
72 -21 12 0
-23 15 59 0
-34 67 19 0
43 11 -51 0
64 -28 46 0
-36 17 -47 0
-44 17 70 0
45 -5 -74 0
-11 -68 61 0
-47 15 18 0
51 -20 -69 0
44 28 70 0
5 53 25 0
59 51 11 0
54 8 18 0
-6 22 32 0
-32 -4 36 0
-24 -46 -54 0
37 26 -11 0
-33 -54 -49 0
-67 -64 68 0
-8 -51 -2 0
-65 15 -1 0
74 -71 -75 0
-48 -20 27 0
32 70 18 0
-68 75 48 0
55 47 -63 0
-64 -49 -56 0
62 -15 1 0
58 -41 -65 0
-18 40 5 0
-11 -63 -1 0
65 66 -49 0
46 24 33 0
-17 -50 -59 0
32 -44 56 0
6 5 -34 0
-5 -64 -27 0
2 69 62 0
-68 -11 -46 0
9 15 -52 0
20 -24 54 0
41 -35 -67 0
-13 34 58 0
49 -28 54 0
62 -46 25 0
-70 3 -33 0
12 -60 72 0
49 58 -57 0
65 -45 13 0
55 69 30 0
-71 -28 -62 0
-3 69 -31 0
-43 33 3 0
-30 -53 -56 0
58 -24 57 0
59 -69 24 0
34 -12 44 0
37 4 -21 0
9 49 23 0
66 60 -55 0
9 56 31 0
63 -11 -74 0
-46 -63 -13 0
48 31 41 0
52 69 -32 0
-1 -35 -53 0
-13 -39 20 0
-40 -16 -53 0
-4 23 19 0
19 60 -48 0
-23 75 53 0
72 16 13 0
14 -55 -23 0
66 30 -32 0
-71 -38 -19 0
-18 26 -40 0
30 57 -69 0
-56 -4 -20 0
62 -13 26 0
-27 17 -30 0
69 -22 59 0
-62 31 45 0
54 74 25 0
37 8 32 0
-17 9 69 0
-21 69 74 0
-42 33 -31 0
-72 -50 -61 0
67 29 -45 0
25 -56 -45 0
-20 5 -40 0
s UNSATISFIABLE
d decisions 62
