c Random 3-SAT instance
c alpha = 7.0, N = 75, L = 525, instance = 181
p cnf 75 525
-45 8 -19 0
73 2 61 0
19 -46 9 0
-48 -32 -46 0
50 70 -6 0
-48 -10 56 0
-9 53 -35 0
-19 21 -62 0
65 -1 55 0
68 -45 43 0
-51 8 6 0
20 24 72 0
-12 -61 68 0
-56 60 -12 0
2 -43 -37 0
9 74 24 0
3 -8 -53 0
3 2 -14 0
-57 -36 29 0
35 -57 -61 0
-21 54 39 0
71 69 -40 0
-7 53 41 0
17 75 46 0
-61 -69 49 0
-68 -3 -2 0
8 -7 75 0
-25 -67 43 0
61 -73 62 0
66 8 -70 0
-30 24 -60 0
56 25 37 0
47 23 27 0
15 -57 -12 0
-34 -53 -73 0
71 -1 68 0
53 -61 37 0
-35 60 20 0
30 -74 10 0
1 53 44 0
-58 13 69 0
68 51 13 0
-31 -6 -59 0
35 -58 -7 0
-3 63 -52 0
-21 -15 29 0
45 56 52 0
-44 -29 22 0
-39 -60 67 0
-35 8 -24 0
-51 -66 -6 0
48 -62 12 0
-4 39 -43 0
2 22 10 0
43 68 45 0
-24 23 -53 0
-59 1 75 0
71 61 -24 0
-48 -4 -36 0
61 52 10 0
43 40 39 0
1 -72 33 0
34 32 -62 0
-13 -46 -70 0
22 -42 50 0
36 -7 -57 0
-12 -2 45 0
-30 -1 -26 0
-61 41 63 0
60 -61 -64 0
5 65 17 0
52 11 -74 0
48 33 -32 0
32 -20 9 0
-65 59 -56 0
-26 9 -31 0
2 -67 -28 0
-13 33 -2 0
18 -21 65 0
-29 48 -34 0
-19 -17 23 0
51 75 68 0
-73 -10 62 0
46 -55 -50 0
-57 -11 -48 0
55 -70 -14 0
-53 -19 -18 0
-26 61 -7 0
12 -68 9 0
38 -5 -54 0
-75 47 73 0
5 -29 74 0
-64 -47 -60 0
-2 58 -61 0
33 63 49 0
49 -35 -62 0
-42 -73 26 0
36 -20 -29 0
34 -52 2 0
55 14 -42 0
-50 -4 46 0
-36 67 18 0
14 35 -46 0
-61 55 30 0
-73 34 22 0
40 -17 9 0
-26 -47 17 0
72 18 14 0
66 59 -10 0
-33 15 -62 0
-24 34 63 0
37 -73 16 0
-13 -57 35 0
-40 37 67 0
-22 -11 -56 0
-36 27 55 0
37 -18 -43 0
45 44 -74 0
33 14 6 0
-28 33 -61 0
-19 13 -56 0
56 47 71 0
-17 55 18 0
-55 8 -44 0
36 -16 73 0
16 -3 -75 0
21 10 68 0
53 -2 -26 0
-59 -13 -73 0
-26 11 39 0
8 -72 27 0
-19 -37 65 0
-45 55 6 0
-52 -61 21 0
-35 7 22 0
-43 -68 -30 0
47 48 35 0
-23 -22 56 0
-30 28 -31 0
-8 18 72 0
-51 10 49 0
62 -75 -43 0
57 26 -29 0
39 -3 2 0
36 2 60 0
-62 -72 58 0
35 45 41 0
-25 -65 -10 0
61 43 5 0
38 -43 -12 0
-39 -27 54 0
-29 -63 22 0
20 11 -32 0
-44 67 37 0
17 -24 -59 0
48 28 -75 0
-13 -23 -66 0
-50 -15 35 0
71 40 29 0
34 52 24 0
-39 -18 16 0
74 43 -34 0
-59 67 50 0
-35 -5 -58 0
43 38 -58 0
8 -21 -64 0
-31 -40 27 0
-62 -73 -71 0
23 66 33 0
11 -4 21 0
48 50 -60 0
-14 37 -53 0
-71 -25 31 0
48 -9 -61 0
-69 62 8 0
-45 -47 46 0
36 74 66 0
34 -16 30 0
38 -59 75 0
-51 -14 -56 0
54 -4 14 0
-38 -42 66 0
32 -43 -71 0
15 23 56 0
-63 29 -8 0
63 17 -54 0
38 27 32 0
51 14 26 0
-37 49 42 0
23 -44 75 0
-34 -48 -8 0
73 1 -44 0
66 -56 -43 0
-39 44 -37 0
-32 -36 10 0
-5 -35 -62 0
35 63 -53 0
33 -21 -58 0
39 18 14 0
-60 68 -41 0
-41 -22 64 0
45 8 -40 0
-67 -28 -24 0
-10 71 -48 0
72 -14 70 0
26 -57 39 0
50 -58 -62 0
-59 -5 23 0
-35 -53 -33 0
-35 28 -12 0
-68 47 51 0
12 -1 43 0
-35 -17 63 0
9 70 -23 0
-25 -73 -22 0
-63 -2 -17 0
18 69 -12 0
-33 15 -9 0
-9 -36 1 0
1 -74 5 0
-5 46 -74 0
-5 -54 69 0
53 69 28 0
44 -69 -59 0
6 -41 -11 0
-8 54 17 0
-74 61 -26 0
-31 61 -30 0
-74 38 -54 0
17 -65 4 0
41 -44 26 0
24 -36 -27 0
33 -15 -38 0
71 59 -48 0
-54 51 -64 0
-57 -71 -31 0
-29 -68 -46 0
54 -50 49 0
46 -43 73 0
35 19 42 0
-47 21 4 0
62 -14 -17 0
22 -30 43 0
50 75 58 0
-5 45 62 0
74 -42 -44 0
-48 57 -35 0
36 23 -58 0
-53 -68 -47 0
-15 25 36 0
-54 -12 2 0
-26 -17 -24 0
41 -67 58 0
-59 -57 63 0
25 71 -26 0
9 -57 8 0
41 16 -9 0
16 30 66 0
-22 -70 -29 0
-8 7 -70 0
-74 -64 32 0
62 -56 -48 0
72 -36 70 0
39 9 -6 0
42 -39 45 0
28 -29 -47 0
62 17 -32 0
-52 62 66 0
-75 25 -67 0
-47 16 54 0
13 35 24 0
-46 56 64 0
74 -20 66 0
-51 -67 16 0
22 44 73 0
57 31 -13 0
44 -19 -45 0
10 29 -6 0
11 1 71 0
51 24 38 0
38 71 -12 0
27 71 34 0
57 34 66 0
48 54 -66 0
43 -29 27 0
44 -70 39 0
4 -24 -44 0
-7 -27 -19 0
44 -26 -70 0
28 -34 -73 0
23 -32 63 0
-41 -24 -8 0
52 19 2 0
2 5 -43 0
68 72 18 0
32 11 -22 0
45 56 -2 0
-39 -35 42 0
68 -10 45 0
10 43 51 0
70 61 65 0
-20 -68 -67 0
58 41 37 0
20 5 -30 0
31 -60 15 0
46 37 50 0
-18 51 26 0
-16 -7 -10 0
2 33 -63 0
-42 -17 53 0
70 4 -73 0
-20 -26 62 0
-43 65 63 0
-4 -64 67 0
21 27 -59 0
53 -42 -32 0
-61 46 -69 0
-16 -47 49 0
52 -38 -8 0
-51 33 68 0
-17 -28 55 0
26 30 4 0
-10 -37 -65 0
43 -24 -25 0
-74 45 -46 0
7 -67 -14 0
-20 -34 3 0
2 -30 48 0
-62 -32 -29 0
58 -43 -41 0
-24 18 16 0
-23 10 4 0
57 42 -51 0
52 -41 6 0
40 48 -2 0
-18 -13 -38 0
-44 -35 5 0
2 68 -73 0
8 59 52 0
5 40 -23 0
26 3 -23 0
-32 -46 -41 0
-26 12 32 0
65 70 -51 0
-17 1 -42 0
19 39 -72 0
75 -49 -53 0
57 -1 -17 0
-20 -30 43 0
39 -22 32 0
34 -57 39 0
34 -30 66 0
-24 73 -50 0
-8 25 -67 0
-61 -34 26 0
-26 -67 75 0
11 -41 43 0
-15 42 -65 0
-55 -74 -7 0
70 41 -30 0
-20 62 69 0
10 26 7 0
-42 9 -11 0
-7 -45 40 0
40 -13 1 0
34 -18 -59 0
-68 33 -48 0
62 -64 70 0
11 75 -59 0
-73 -39 58 0
-27 38 17 0
-75 70 -20 0
-31 67 17 0
-65 -62 40 0
-74 41 -58 0
34 -33 -73 0
12 -27 -49 0
62 -40 1 0
75 -57 -44 0
-54 34 -3 0
5 15 -25 0
-32 6 3 0
-71 4 -46 0
-33 -35 -70 0
2 24 1 0
-73 71 41 0
29 -68 19 0
4 -27 26 0
2 -55 34 0
14 36 25 0
-73 -27 -28 0
-63 -50 -31 0
-71 -61 -66 0
12 -10 25 0
-67 18 43 0
7 -12 -67 0
29 -54 -52 0
48 -37 54 0
41 71 21 0
-35 -26 -40 0
-30 -68 25 0
53 -7 -25 0
-67 -35 71 0
-22 -63 -42 0
4 -9 -56 0
28 56 30 0
-29 1 -39 0
-28 57 -58 0
-11 46 3 0
15 -60 -45 0
-67 -15 66 0
-61 -45 40 0
-50 -6 -23 0
36 -4 68 0
69 21 19 0
73 -38 3 0
68 -31 -21 0
-64 32 -59 0
21 16 -6 0
39 -49 29 0
-24 -17 28 0
4 2 12 0
-53 56 28 0
-67 26 35 0
-64 27 50 0
6 -70 -62 0
-37 -22 -13 0
-15 55 1 0
32 -33 -13 0
-7 2 -26 0
25 56 53 0
28 36 31 0
-40 -9 42 0
-20 -34 28 0
-55 75 -21 0
-13 -72 -75 0
58 75 -38 0
-45 47 -55 0
-9 -50 38 0
15 -42 71 0
46 38 25 0
33 -22 -64 0
-73 32 -4 0
-28 69 -65 0
14 -27 24 0
-50 -33 -35 0
-4 32 10 0
3 -27 -21 0
-12 48 13 0
36 -62 -50 0
-32 -40 -22 0
43 -41 2 0
-32 42 34 0
-21 -35 -24 0
9 38 40 0
-64 24 -43 0
15 58 -5 0
9 17 21 0
35 64 -5 0
-20 -67 64 0
56 -28 8 0
9 67 47 0
-36 54 58 0
-47 -16 22 0
26 70 -35 0
-55 -10 56 0
54 57 -20 0
-65 13 28 0
43 -41 -49 0
-50 38 55 0
72 -1 -61 0
19 -4 -51 0
18 -26 -75 0
23 44 26 0
-17 -46 2 0
-40 7 65 0
40 -64 62 0
-35 -71 -65 0
-49 -3 10 0
22 32 -56 0
64 -36 -55 0
18 -44 66 0
-65 -24 -57 0
9 11 -68 0
50 20 23 0
-71 -3 53 0
-18 -72 -71 0
59 1 -57 0
65 73 54 0
-36 10 -20 0
2 -32 44 0
-1 25 -13 0
-36 33 -49 0
-25 57 -9 0
-28 -16 -15 0
22 -20 63 0
54 4 -51 0
56 72 -48 0
31 15 -52 0
-71 -45 51 0
-45 25 -28 0
51 -26 34 0
-17 27 -15 0
64 32 58 0
65 -68 64 0
11 -71 8 0
-9 28 -41 0
55 -74 -24 0
45 -57 -15 0
15 39 36 0
-49 1 48 0
-2 7 -73 0
40 -59 -53 0
-64 -45 44 0
1 -5 -63 0
-6 34 -72 0
56 -27 -37 0
-66 -15 -65 0
-47 37 -20 0
-43 69 52 0
9 31 -51 0
-23 62 46 0
66 -44 37 0
12 65 22 0
69 -56 -44 0
s UNSATISFIABLE
d decisions 98
