c Random 3-SAT instance
c alpha = 7.5, N = 75, L = 562, instance = 120
p cnf 75 562
4 -73 5 0
9 43 22 0
-60 -75 -15 0
15 69 71 0
-45 -11 1 0
59 -23 69 0
59 21 62 0
-67 31 -6 0
-20 1 12 0
43 -42 -48 0
48 75 18 0
64 -34 -45 0
-22 -39 -43 0
11 50 -42 0
-53 49 -24 0
18 21 9 0
-22 45 -31 0
6 -54 -51 0
9 30 5 0
-65 -47 -29 0
-6 74 -25 0
15 48 -18 0
-73 33 44 0
-50 -55 3 0
22 -27 -30 0
55 4 5 0
31 -18 -8 0
6 -13 -42 0
-70 3 49 0
-61 34 50 0
-66 -33 -4 0
-24 -27 58 0
-5 57 -35 0
-48 21 -27 0
-51 66 53 0
-22 -54 -28 0
17 -59 30 0
-35 75 -73 0
70 -63 56 0
-9 -40 72 0
40 7 35 0
-5 34 -55 0
35 69 -71 0
59 63 -34 0
43 39 21 0
-71 -46 -9 0
-72 -37 3 0
1 -72 -6 0
59 10 58 0
25 65 26 0
64 55 34 0
22 15 39 0
-29 -18 -32 0
53 12 -3 0
7 9 72 0
-17 59 13 0
-3 15 47 0
34 27 -11 0
35 -51 -63 0
-46 63 72 0
-48 -45 43 0
62 44 -61 0
68 49 25 0
50 19 -38 0
-47 42 -25 0
57 -56 -64 0
18 -54 67 0
25 15 -18 0
-15 -52 62 0
9 33 41 0
-44 71 49 0
63 15 -42 0
36 61 6 0
-14 -54 -18 0
55 67 21 0
35 62 32 0
49 19 -36 0
24 -56 52 0
16 41 -15 0
44 41 3 0
-49 -17 59 0
-49 73 71 0
52 -28 -74 0
-18 -73 72 0
51 -52 -36 0
58 63 60 0
63 -17 53 0
-14 -21 48 0
-72 49 57 0
15 21 71 0
27 12 69 0
53 -24 63 0
50 41 -57 0
-20 64 -57 0
19 -44 54 0
-33 56 20 0
-65 66 -22 0
73 -24 -20 0
-20 -19 -58 0
18 4 -64 0
-43 -17 -8 0
-73 -33 -42 0
41 20 -63 0
41 -46 19 0
18 -21 -45 0
-33 -59 -73 0
65 52 68 0
21 -5 46 0
46 5 40 0
-3 -2 -30 0
60 8 -65 0
-47 4 49 0
-52 6 69 0
-60 68 31 0
-67 -69 -70 0
-6 22 12 0
-14 24 -5 0
-43 -41 -20 0
-27 -18 -16 0
22 39 -69 0
7 -53 29 0
58 -52 -16 0
32 44 71 0
-19 -9 38 0
-25 8 45 0
6 32 22 0
5 -8 -56 0
5 -42 -36 0
-55 -41 35 0
-70 65 -27 0
-54 -63 -18 0
12 40 61 0
18 64 -7 0
-46 1 -62 0
-33 -41 46 0
-74 73 -75 0
-73 31 -23 0
-26 -12 -35 0
66 -29 -46 0
23 39 66 0
-45 -63 43 0
39 59 17 0
67 32 -40 0
74 -4 -60 0
-35 -63 31 0
63 -60 -66 0
50 -46 1 0
57 -43 54 0
58 -53 -24 0
-73 22 11 0
-58 -18 34 0
69 10 -11 0
32 61 57 0
64 42 -26 0
14 54 -53 0
-58 7 42 0
53 -28 -57 0
-73 -1 -20 0
7 -70 -51 0
66 16 -34 0
50 -43 53 0
-41 -36 -7 0
67 -14 25 0
58 -2 -53 0
-56 -69 74 0
35 -52 67 0
-5 -2 -4 0
64 73 44 0
55 52 -42 0
-41 -44 -70 0
-28 -51 75 0
-9 -2 -24 0
-29 -15 -22 0
3 -17 -57 0
7 60 -3 0
-26 72 -52 0
42 -43 -60 0
51 -37 52 0
72 27 60 0
-73 -32 -56 0
69 39 2 0
15 -25 53 0
35 -18 20 0
-69 -56 4 0
18 1 -21 0
-13 26 5 0
-68 51 11 0
65 60 44 0
49 -11 12 0
-61 -25 21 0
36 -60 28 0
-71 45 52 0
31 -25 22 0
21 -33 66 0
-32 21 -12 0
-64 -20 71 0
-13 -56 36 0
17 -67 43 0
-3 -74 -18 0
15 61 -57 0
42 -60 71 0
18 -56 62 0
31 57 3 0
54 -44 24 0
-24 39 -69 0
-29 -14 62 0
36 24 -5 0
14 56 -57 0
4 52 -54 0
5 -66 -33 0
16 -38 -63 0
32 -33 -53 0
44 -47 -34 0
-40 -9 -29 0
-37 49 -38 0
16 -8 23 0
-24 -47 -23 0
-11 8 -7 0
-44 -25 -32 0
17 -29 -43 0
-50 9 -18 0
28 -31 11 0
46 3 71 0
2 66 -38 0
-74 -57 -66 0
-10 39 22 0
59 5 -62 0
8 61 -68 0
-66 -57 -38 0
25 -15 36 0
-60 -17 70 0
34 -52 -18 0
70 -73 37 0
-53 11 14 0
-44 72 -67 0
52 17 14 0
10 -45 42 0
-27 -16 59 0
-49 -70 -46 0
-67 -16 -37 0
35 -33 -8 0
-64 -33 74 0
29 -61 -59 0
53 47 20 0
-26 39 -14 0
39 -9 71 0
41 43 -27 0
18 46 -31 0
7 -25 41 0
-20 70 -62 0
-24 53 -75 0
70 55 49 0
37 -38 -4 0
67 -59 -56 0
-45 60 47 0
40 21 -3 0
12 -39 38 0
3 -15 -57 0
-28 -35 26 0
24 -58 -12 0
73 -30 61 0
-45 54 48 0
-17 18 58 0
-64 52 -5 0
13 4 -47 0
-56 -53 72 0
15 -48 49 0
73 12 -3 0
17 71 69 0
-8 -41 44 0
-66 38 -14 0
-66 -7 -35 0
33 37 -74 0
36 27 53 0
57 68 6 0
8 -22 36 0
-25 -21 -60 0
-56 -19 -17 0
-33 -41 -34 0
56 71 -36 0
60 25 -59 0
75 64 -58 0
-62 -16 -74 0
-46 -20 65 0
-64 20 -73 0
68 -54 60 0
35 7 -44 0
-34 71 62 0
-17 -15 66 0
43 69 -24 0
-8 -13 -24 0
-70 -15 -35 0
-7 74 64 0
66 16 -42 0
15 -1 -11 0
9 8 38 0
13 54 23 0
-8 67 -52 0
6 33 16 0
-23 -55 -8 0
-31 54 55 0
-56 24 17 0
-63 -50 51 0
47 -40 62 0
-12 29 54 0
-33 49 -56 0
-67 -6 5 0
-7 27 74 0
-57 -7 22 0
-75 -23 44 0
-36 26 57 0
-54 5 51 0
-63 10 -30 0
-9 28 62 0
31 58 -70 0
-33 40 10 0
-20 -35 -8 0
74 -19 44 0
50 -11 -35 0
23 71 -38 0
-18 -74 -68 0
10 -41 40 0
-31 -35 -36 0
-28 -45 15 0
-69 -36 -25 0
-35 20 -45 0
-18 -64 -49 0
25 55 -47 0
16 -63 -65 0
8 67 -12 0
70 -3 36 0
31 44 -27 0
-40 -2 -24 0
22 -47 27 0
-37 -28 43 0
-61 -62 -59 0
-5 -74 -65 0
13 -47 -31 0
-66 -35 -20 0
64 -8 -24 0
-63 23 -71 0
70 -5 31 0
61 72 -65 0
30 34 45 0
-2 63 62 0
-49 5 -20 0
-20 21 -23 0
48 63 36 0
66 8 -1 0
-18 -38 -42 0
71 -49 -54 0
-7 52 71 0
-59 -25 -49 0
-35 3 -1 0
15 75 -55 0
-18 -44 13 0
-7 -19 -22 0
-45 17 -75 0
-48 58 53 0
-69 -72 7 0
5 -19 58 0
45 34 -2 0
12 -62 49 0
66 21 -43 0
16 -50 -38 0
-8 31 10 0
-54 23 -14 0
-24 27 48 0
-8 70 -35 0
12 -61 3 0
71 66 53 0
-61 34 15 0
-36 -23 -48 0
-69 -12 10 0
10 -70 61 0
1 -53 -69 0
-50 -46 58 0
41 31 -39 0
-4 65 -20 0
15 -70 29 0
-60 -26 31 0
63 52 24 0
-74 -53 -14 0
11 -69 33 0
53 -10 -48 0
-12 75 -8 0
60 -21 32 0
40 18 -29 0
17 -65 36 0
9 -4 44 0
43 58 -34 0
-39 -16 5 0
-38 75 26 0
-19 60 -2 0
37 4 -72 0
-10 38 -49 0
46 -61 -48 0
36 -72 59 0
71 59 -27 0
-9 -16 22 0
-1 59 22 0
63 -64 68 0
25 -6 -75 0
33 -1 -30 0
-56 -32 -35 0
-37 -20 -59 0
3 -23 -26 0
-68 18 -58 0
71 33 57 0
45 4 70 0
21 4 38 0
62 -26 -56 0
20 68 52 0
-50 58 -35 0
-48 -56 -54 0
42 -56 68 0
-57 -64 13 0
-62 12 1 0
71 -12 48 0
62 -11 53 0
-9 16 75 0
9 -42 -17 0
-43 -73 39 0
-58 -57 -50 0
47 -68 7 0
3 21 39 0
-70 54 -69 0
55 -23 25 0
-55 -43 36 0
-74 -26 15 0
31 -32 64 0
13 54 64 0
45 -38 -21 0
37 -43 -50 0
-3 -42 43 0
67 66 -59 0
18 -46 37 0
-67 3 8 0
61 -59 -69 0
-22 15 -46 0
-40 6 -14 0
19 73 30 0
-12 -69 43 0
52 -74 -71 0
48 54 64 0
-10 -67 47 0
-33 -28 -14 0
49 -23 72 0
61 69 -12 0
-11 37 -10 0
-8 15 56 0
60 -2 52 0
-75 70 23 0
-30 46 13 0
19 -14 -7 0
7 -8 -1 0
50 54 -56 0
26 -39 72 0
-4 48 -17 0
21 14 75 0
-63 66 -6 0
31 59 11 0
-18 -61 4 0
-5 64 47 0
-2 -53 -56 0
27 -9 -22 0
-20 26 34 0
16 -3 -15 0
22 35 -39 0
-5 59 -12 0
49 32 74 0
33 -6 62 0
-73 -16 -55 0
7 35 52 0
-21 -12 -22 0
-28 8 -48 0
47 -26 -63 0
42 6 18 0
31 -59 -57 0
-40 27 23 0
71 -27 36 0
16 64 71 0
44 4 26 0
-26 -16 28 0
-20 -40 -54 0
-47 -38 25 0
-28 -13 6 0
18 73 -57 0
75 44 -5 0
8 59 -39 0
-53 -41 -4 0
-60 11 52 0
-31 -75 -27 0
-64 2 10 0
17 15 -25 0
-16 9 -19 0
58 -34 -52 0
-22 75 -23 0
66 34 47 0
-46 6 -15 0
-46 -66 39 0
-2 -22 44 0
-52 21 33 0
-13 28 -70 0
-71 -39 -42 0
10 59 4 0
-24 30 19 0
37 -66 -3 0
13 47 7 0
-14 -8 -56 0
-32 57 8 0
26 -66 60 0
-3 -58 -11 0
-72 -32 -2 0
27 -46 75 0
-44 63 11 0
-70 24 -53 0
49 -4 -51 0
-63 27 10 0
-30 62 -56 0
-50 30 29 0
52 32 -42 0
47 66 -18 0
55 46 -53 0
65 -30 -7 0
-56 -26 -67 0
-71 -15 -59 0
-15 -60 49 0
52 5 -43 0
34 14 -56 0
48 72 15 0
-66 -38 -20 0
23 66 -12 0
-22 58 72 0
-11 -60 -21 0
-71 -30 -5 0
-2 -73 1 0
42 25 61 0
59 47 -14 0
-17 26 -72 0
-66 -40 -5 0
-10 75 -53 0
-11 23 25 0
5 -63 -37 0
-27 -8 72 0
-57 41 -20 0
-29 38 -68 0
29 -22 -37 0
-6 27 -17 0
9 53 12 0
-5 -62 11 0
48 43 -18 0
-50 -31 34 0
-27 -62 -68 0
6 37 18 0
71 58 33 0
43 -10 68 0
-53 2 13 0
60 -38 -70 0
1 -26 34 0
-41 -2 43 0
2 -24 62 0
s UNSATISFIABLE
d decisions 71
