c Random 3-SAT instance
c alpha = 5.5, N = 75, L = 412, instance = 247
p cnf 75 412
73 48 -27 0
69 16 -26 0
-52 -32 45 0
-53 70 62 0
20 31 -21 0
-47 20 -29 0
-71 -74 27 0
56 27 8 0
-66 18 -32 0
46 -40 75 0
52 -6 61 0
42 75 -28 0
45 -33 -38 0
73 -60 4 0
-31 -32 20 0
15 -35 1 0
36 -48 55 0
56 26 -7 0
29 59 -9 0
-74 31 58 0
51 11 54 0
63 -31 47 0
75 -7 33 0
-15 41 -26 0
68 63 -14 0
-50 -35 -56 0
-53 3 41 0
67 -1 42 0
-25 -7 -53 0
20 64 58 0
-4 27 63 0
-11 -29 53 0
-10 58 4 0
-3 25 -26 0
-1 44 -27 0
-23 -20 -60 0
21 -47 69 0
-40 31 17 0
-41 25 -47 0
21 -53 34 0
-54 -16 -68 0
-30 -35 -65 0
-21 -68 -46 0
-21 -26 -67 0
24 28 11 0
56 -64 -3 0
-7 -60 -34 0
-64 -51 15 0
28 32 -34 0
57 -5 -32 0
-71 -66 72 0
37 63 18 0
-4 47 24 0
24 48 -65 0
-70 -51 46 0
-40 -72 34 0
29 64 -71 0
-69 -16 -18 0
73 -27 10 0
71 69 -11 0
30 11 15 0
-74 50 3 0
28 -53 45 0
49 41 -13 0
53 -32 -48 0
-50 -48 13 0
-39 8 -17 0
-4 72 -60 0
13 40 8 0
-58 -61 -68 0
29 22 54 0
40 -48 30 0
74 50 16 0
-3 -33 27 0
18 48 57 0
-72 -47 -10 0
-13 72 37 0
74 -12 58 0
25 47 30 0
-11 -6 43 0
-36 -9 -28 0
-7 41 38 0
-56 -6 -53 0
6 -37 -4 0
-10 -2 40 0
56 39 -6 0
-72 -31 48 0
-73 -65 -8 0
56 54 -4 0
-60 -42 64 0
55 -43 -44 0
-23 -73 75 0
-39 6 -58 0
42 -62 -32 0
-61 -10 63 0
-58 -30 74 0
8 37 -47 0
40 -31 -9 0
-48 -44 49 0
-7 -20 51 0
-7 54 50 0
59 23 43 0
28 72 -16 0
-26 46 -52 0
-67 28 -52 0
-28 -45 70 0
-64 66 9 0
-62 -52 74 0
67 -30 -16 0
37 27 59 0
-70 13 53 0
-12 -43 44 0
74 -27 40 0
-48 44 -63 0
62 28 -24 0
51 5 -35 0
45 53 28 0
-51 62 43 0
9 49 -4 0
39 38 59 0
33 28 -21 0
-60 -33 -72 0
51 -12 2 0
-61 -49 38 0
-24 51 -45 0
-27 -25 -49 0
-12 10 -16 0
5 -22 74 0
-70 -55 -37 0
-32 -56 28 0
70 -57 -21 0
41 -33 26 0
-58 -66 50 0
25 -28 -30 0
-50 -72 -57 0
-15 52 -4 0
47 45 16 0
-51 -57 42 0
-72 8 -11 0
-11 -49 -18 0
10 4 -31 0
37 -33 57 0
-58 14 -45 0
38 17 -67 0
41 25 -28 0
-61 -29 38 0
26 -5 15 0
-71 66 -31 0
7 -42 -25 0
61 -65 -40 0
8 22 -57 0
-42 70 41 0
-66 -1 -27 0
42 -30 13 0
-75 -63 27 0
63 -8 24 0
-22 57 53 0
-51 13 11 0
43 -62 -16 0
44 66 -18 0
-48 -63 -2 0
22 23 35 0
52 43 41 0
-48 -11 -5 0
-49 -71 72 0
-44 -45 -17 0
-3 -70 31 0
33 25 -27 0
-17 7 13 0
-54 3 -48 0
30 71 -6 0
23 -65 59 0
62 -46 6 0
-15 -54 -18 0
-37 -4 -7 0
46 45 -73 0
-57 -64 -67 0
-43 -72 11 0
39 -37 -67 0
-54 22 -57 0
40 -41 -57 0
-63 51 -36 0
-19 44 65 0
47 59 -49 0
-1 7 -60 0
-53 -44 -33 0
-21 -31 68 0
13 70 48 0
2 46 -28 0
45 -36 28 0
70 -1 -41 0
-1 2 -53 0
31 -65 -21 0
58 -61 -56 0
-12 70 75 0
29 -24 -12 0
26 -53 -60 0
-49 -28 -5 0
58 -2 -66 0
51 -68 -62 0
-49 43 -64 0
-21 -32 -73 0
17 27 -19 0
-75 55 -51 0
-72 -27 8 0
34 -56 -6 0
27 46 52 0
26 13 -1 0
-46 -39 -49 0
58 -26 52 0
48 2 47 0
-57 -5 15 0
44 -64 -18 0
48 12 74 0
-55 9 74 0
-57 -27 -4 0
60 -6 28 0
-28 57 74 0
17 2 56 0
18 21 44 0
30 16 -37 0
73 -59 -18 0
59 38 -50 0
-64 -3 9 0
-38 -66 -68 0
56 -47 -5 0
21 2 60 0
38 -62 19 0
15 57 49 0
-57 -50 47 0
-72 47 -6 0
40 2 75 0
34 -43 -28 0
72 -19 -44 0
30 51 -9 0
32 49 61 0
32 20 -57 0
40 6 -31 0
-13 -21 -38 0
-39 1 48 0
26 29 -45 0
13 27 -28 0
-38 4 75 0
-29 -65 75 0
32 45 -43 0
11 34 26 0
-34 25 61 0
-38 24 -20 0
-30 -68 1 0
-32 70 -6 0
-1 57 -64 0
-7 1 60 0
65 72 49 0
-55 5 30 0
35 -5 -32 0
-14 -39 -51 0
6 -2 41 0
55 -66 -25 0
-38 -45 20 0
-22 -52 56 0
-38 -69 5 0
74 -66 38 0
36 2 31 0
23 -66 -2 0
-7 50 67 0
-5 -19 70 0
-58 28 -41 0
-71 -37 -67 0
57 17 34 0
43 57 -39 0
61 -66 27 0
-15 -32 6 0
-16 -37 -57 0
10 -23 4 0
-33 -62 -54 0
-21 37 61 0
5 4 -11 0
-60 52 -36 0
22 6 -50 0
-7 75 -61 0
-51 -63 -6 0
46 -12 -66 0
60 -18 -53 0
23 65 19 0
-2 -62 -33 0
-59 43 -35 0
-48 -30 -57 0
1 -51 -74 0
24 -5 -34 0
-15 -59 -35 0
44 67 35 0
-54 -47 -52 0
26 -49 9 0
-27 65 -10 0
1 -71 47 0
-27 -70 20 0
-53 -33 71 0
56 -61 67 0
-33 -4 -18 0
-36 -57 32 0
-26 73 75 0
36 1 13 0
9 -49 19 0
22 58 -62 0
-10 40 -35 0
46 -67 24 0
33 -28 56 0
42 59 -34 0
37 -41 -66 0
22 58 -27 0
-1 -19 39 0
5 54 37 0
10 23 -67 0
-39 -53 63 0
32 -60 -25 0
-22 -30 -32 0
-52 25 -57 0
-50 44 31 0
16 66 26 0
3 -35 -16 0
-39 -23 -64 0
-70 32 -30 0
60 -56 -32 0
55 -42 -73 0
-64 -71 27 0
-73 -43 68 0
67 2 52 0
46 66 -71 0
55 -16 43 0
-54 -28 -6 0
40 -48 38 0
-17 -53 -38 0
33 -16 -8 0
-33 71 -21 0
-1 -40 67 0
36 -20 -52 0
37 -67 -73 0
67 -75 -52 0
-65 28 -50 0
-4 29 -41 0
50 -35 -6 0
39 13 -26 0
5 60 71 0
-6 3 37 0
-17 26 -53 0
-57 -2 -39 0
-61 -31 48 0
62 -32 -27 0
75 -16 -45 0
-68 -35 -9 0
-60 -41 51 0
-8 -37 59 0
-24 -58 42 0
-51 10 -24 0
-75 -24 16 0
9 53 -18 0
-9 -74 -20 0
48 -56 73 0
33 -74 51 0
68 -52 14 0
-47 68 -34 0
-69 -6 56 0
-9 -67 74 0
41 -57 -1 0
49 -33 -5 0
2 -13 68 0
-49 23 -5 0
48 -61 -7 0
21 56 -2 0
53 -14 -43 0
-65 -39 57 0
-45 -4 -47 0
26 -58 68 0
-32 3 -28 0
-2 -7 12 0
50 -9 52 0
33 -46 41 0
64 -65 -59 0
21 -65 37 0
7 49 34 0
34 -22 19 0
-58 -67 23 0
10 -2 60 0
48 20 62 0
-41 -1 -47 0
-8 59 28 0
69 38 -65 0
-14 -48 42 0
53 26 -5 0
-17 68 -23 0
60 -3 54 0
31 71 20 0
-42 -2 33 0
-70 13 18 0
-22 34 -5 0
-25 -4 -44 0
-6 51 -23 0
-43 63 -73 0
1 38 51 0
27 4 49 0
-58 38 -24 0
-61 -14 36 0
-54 -46 -36 0
30 -46 38 0
-41 -37 -35 0
-52 -67 -10 0
30 75 7 0
-60 68 30 0
-40 -44 50 0
-71 -46 66 0
73 -66 -48 0
-71 -61 -69 0
s UNSATISFIABLE
d decisions 94
