c Random 3-SAT instance
c alpha = 7.5, N = 75, L = 562, instance = 131
p cnf 75 562
-4 -50 -53 0
41 68 -15 0
10 -1 14 0
-69 -10 -65 0
-45 -24 -41 0
68 10 -28 0
70 -43 -27 0
20 -47 6 0
62 -59 -61 0
45 -4 -42 0
-3 67 35 0
31 35 -17 0
-55 44 -1 0
33 -48 -74 0
-3 -40 70 0
-50 29 -30 0
-25 39 -58 0
-58 -1 20 0
32 65 54 0
75 42 -14 0
31 -50 48 0
-55 40 24 0
-50 -43 -38 0
-15 74 -45 0
-23 32 72 0
-3 53 61 0
52 -19 -60 0
41 -30 -14 0
71 -53 -70 0
65 -47 28 0
37 32 -40 0
23 17 -47 0
12 72 26 0
35 -18 43 0
-23 -11 32 0
-22 72 69 0
71 -50 -30 0
-68 74 55 0
30 -57 -54 0
-57 15 -10 0
-19 52 43 0
75 -43 65 0
-37 -39 -2 0
23 -34 47 0
17 -46 -12 0
-20 -68 60 0
-71 70 -53 0
-7 -75 46 0
42 54 18 0
45 -2 72 0
-19 -26 56 0
-69 -9 41 0
22 -47 8 0
-40 1 -68 0
-54 2 26 0
5 43 -18 0
-10 -15 -23 0
20 -4 -16 0
-34 -31 -56 0
-66 -8 69 0
26 -47 22 0
-40 -30 -37 0
18 16 -34 0
-33 -4 -15 0
21 -37 54 0
47 -59 -14 0
-7 -68 -1 0
-35 64 21 0
56 -59 29 0
30 -13 47 0
54 -48 -67 0
-7 -33 -28 0
16 -9 17 0
39 46 26 0
65 67 38 0
-70 3 6 0
-5 3 -32 0
29 -56 59 0
-16 40 -5 0
-57 51 -73 0
11 50 -70 0
12 -18 43 0
-32 24 -9 0
53 -43 6 0
36 -30 -13 0
68 4 25 0
-66 -10 -41 0
38 42 -25 0
-26 -36 33 0
-15 -64 75 0
14 -37 -30 0
29 -54 46 0
35 29 64 0
-38 -40 35 0
46 39 50 0
-7 22 71 0
-1 57 70 0
40 -5 38 0
-1 38 22 0
28 8 -31 0
-74 29 46 0
-20 65 71 0
-45 -24 75 0
-43 6 48 0
-69 38 17 0
-75 49 -50 0
-32 -11 -3 0
-56 9 -7 0
-12 43 -16 0
55 -8 -30 0
20 -57 25 0
-9 68 74 0
-26 -60 41 0
50 -52 -25 0
-4 -44 45 0
18 -10 -69 0
50 -33 -62 0
-23 -64 -3 0
-57 39 36 0
35 -13 73 0
60 58 65 0
-35 3 -73 0
-59 -36 25 0
29 -17 12 0
18 43 41 0
69 -18 -19 0
-48 63 24 0
59 -48 31 0
-9 -42 -53 0
-41 -63 50 0
-2 23 -5 0
-17 55 -27 0
52 45 -7 0
31 36 52 0
8 -27 -44 0
50 -8 -55 0
13 -47 -69 0
40 -11 -66 0
-29 -72 -64 0
67 73 16 0
-16 -34 56 0
71 31 2 0
-19 -21 28 0
11 -42 2 0
-62 1 -17 0
-49 55 47 0
4 -29 63 0
4 -67 -52 0
73 -58 1 0
33 -56 66 0
61 -28 12 0
-19 22 -51 0
24 -36 55 0
-24 -42 57 0
38 37 13 0
-3 -10 47 0
-71 -42 -28 0
68 -48 4 0
35 75 58 0
-62 -14 38 0
-19 -26 13 0
22 17 -29 0
44 8 -12 0
71 -75 15 0
-33 65 -61 0
32 -12 27 0
-41 -35 71 0
73 64 -17 0
65 -28 16 0
-1 63 -43 0
-21 -73 8 0
-70 31 -59 0
-2 -29 -71 0
7 63 -17 0
-52 -59 68 0
7 53 43 0
-17 -7 3 0
-13 -73 -38 0
24 -16 49 0
63 50 -37 0
-34 -72 37 0
-3 -23 -24 0
-33 -51 47 0
70 47 -50 0
-53 -45 -36 0
20 -35 -51 0
-31 -68 -45 0
-31 -4 -28 0
37 -65 -16 0
75 -10 27 0
30 37 33 0
-10 1 -12 0
65 -69 -45 0
-44 60 59 0
-9 10 16 0
12 -2 -1 0
31 11 -22 0
41 54 -66 0
28 -39 -25 0
35 -5 -66 0
-28 -22 -9 0
-60 -73 -48 0
28 -10 -44 0
-38 -27 69 0
14 -10 67 0
-33 -56 75 0
49 -19 45 0
-54 29 15 0
-68 -46 -60 0
-20 45 71 0
28 29 -31 0
-64 -68 51 0
-59 -69 14 0
58 -17 19 0
-8 -40 -26 0
71 -25 24 0
27 74 67 0
-66 -72 -10 0
-8 -46 15 0
28 23 42 0
51 -28 21 0
-15 20 -30 0
50 -20 46 0
69 -32 46 0
74 -29 39 0
-21 -28 42 0
11 8 -30 0
-74 30 -19 0
-68 -4 -44 0
28 -35 -32 0
-53 47 -31 0
37 -8 -65 0
-68 -62 -2 0
67 -23 -49 0
29 -70 63 0
-40 -34 -11 0
-43 -38 -9 0
-27 -2 -33 0
61 -2 -52 0
-14 -4 75 0
-57 -47 5 0
-48 17 69 0
36 43 -25 0
-66 64 71 0
-66 -50 -38 0
18 -42 -13 0
-11 -48 39 0
60 37 28 0
-67 -11 -71 0
-73 38 -45 0
-31 60 26 0
10 48 -56 0
-70 16 3 0
-49 -14 -28 0
23 16 61 0
62 -65 -13 0
58 40 -3 0
15 13 3 0
36 19 -23 0
13 -33 -69 0
3 63 66 0
-39 63 -9 0
40 13 -54 0
-44 -25 -64 0
-24 -56 53 0
46 -69 53 0
59 -6 -26 0
-52 -58 -28 0
-62 -43 34 0
1 2 26 0
-33 10 -75 0
13 67 -40 0
46 75 -48 0
-38 -73 -8 0
-36 -73 -30 0
36 -4 13 0
42 -13 73 0
-46 55 -65 0
20 -75 -40 0
-58 -44 -34 0
-69 28 -1 0
-72 -9 -17 0
-35 55 56 0
13 -27 -31 0
40 -12 -66 0
41 68 2 0
61 42 -67 0
-31 -56 -67 0
-23 -62 14 0
2 -63 15 0
-1 -49 -61 0
18 21 65 0
-5 -51 -58 0
-26 -23 -5 0
-32 61 50 0
75 -50 30 0
-62 -23 50 0
42 -70 -18 0
-30 21 -31 0
71 74 69 0
-69 -8 11 0
70 -68 -44 0
71 44 74 0
-12 47 32 0
-19 -43 70 0
-6 3 45 0
-56 -27 -51 0
-21 -66 -37 0
25 -71 20 0
-54 72 7 0
-67 49 22 0
32 2 -60 0
-72 16 44 0
-40 -30 72 0
17 43 5 0
46 -18 -36 0
-4 9 -57 0
54 -14 -65 0
-34 -72 -11 0
-61 30 -24 0
17 56 -18 0
-57 2 -7 0
47 -62 -40 0
23 19 60 0
-1 53 -44 0
9 -60 -7 0
-37 -72 42 0
-32 -38 -44 0
-17 -46 -30 0
71 -4 -6 0
-41 -48 -64 0
16 -5 28 0
33 30 6 0
34 30 -37 0
28 31 32 0
-38 29 -47 0
-8 60 29 0
8 44 24 0
-59 47 -14 0
75 70 -2 0
9 -70 73 0
-62 20 -50 0
48 14 21 0
4 69 70 0
38 33 -34 0
32 -16 -5 0
-20 -57 -49 0
-25 8 -64 0
19 -2 26 0
39 -30 -12 0
-7 10 25 0
-72 -63 -10 0
43 68 -9 0
-49 -72 -63 0
-74 2 -5 0
57 48 -31 0
36 -55 -18 0
28 7 -58 0
12 -57 -1 0
61 -6 50 0
31 -50 34 0
-30 69 59 0
-46 38 -74 0
-13 48 -4 0
70 -5 51 0
16 -14 1 0
19 30 56 0
11 30 -46 0
67 24 -19 0
-69 -16 -20 0
16 13 -28 0
17 51 39 0
35 13 -36 0
18 72 -69 0
-39 47 53 0
66 70 -35 0
-37 9 64 0
1 61 73 0
-46 -41 -30 0
-75 -50 43 0
-5 35 69 0
-56 59 -70 0
-4 -52 -11 0
17 -9 69 0
66 44 56 0
72 -17 29 0
-59 46 -68 0
-52 -30 -73 0
-48 -16 -4 0
-2 24 -26 0
-14 -24 11 0
51 32 -26 0
23 -65 1 0
-6 -12 32 0
23 -69 5 0
61 -59 -62 0
12 -43 45 0
57 -25 39 0
-2 -70 -69 0
4 -20 -13 0
31 -74 -65 0
-11 34 -51 0
9 -49 -65 0
-56 70 -72 0
23 -55 70 0
44 47 -62 0
54 55 -51 0
34 67 49 0
65 -6 -37 0
18 -65 38 0
-70 10 -58 0
50 -69 58 0
22 -9 57 0
-59 -70 4 0
55 42 -62 0
60 48 42 0
64 44 -13 0
-56 -2 -20 0
30 -72 7 0
61 58 -56 0
32 -33 7 0
53 -48 -29 0
-55 53 29 0
46 -34 31 0
-54 -20 -66 0
11 -28 35 0
-12 2 71 0
1 63 -46 0
21 -15 -43 0
42 48 -4 0
1 60 52 0
21 -66 12 0
56 -13 35 0
-28 10 50 0
-42 -43 -39 0
16 -49 44 0
53 25 44 0
-15 -28 -72 0
-67 -24 -73 0
-37 34 -47 0
3 29 62 0
71 12 67 0
-26 56 73 0
-63 17 53 0
-32 42 -25 0
-34 -51 65 0
-45 -61 14 0
-7 -64 -16 0
-6 -71 -74 0
-75 -5 70 0
-27 26 -23 0
32 31 -13 0
-63 -29 17 0
65 -45 11 0
-3 -72 49 0
64 -50 -12 0
-33 13 22 0
-41 -8 6 0
30 -58 -1 0
-71 38 -58 0
71 -60 -63 0
-74 45 31 0
37 -54 -41 0
-46 -33 -44 0
24 -8 -42 0
-33 59 13 0
54 -31 -65 0
-12 31 48 0
31 -43 51 0
-64 2 -28 0
-24 -1 -72 0
-53 -56 72 0
-15 -54 -70 0
-7 42 57 0
-31 24 -37 0
17 -27 -5 0
45 24 -46 0
-40 64 -29 0
-70 -51 56 0
-40 -1 69 0
-66 24 -15 0
12 -14 34 0
-15 -70 48 0
64 21 24 0
8 -46 51 0
-25 3 54 0
22 34 63 0
-11 -49 56 0
44 45 -35 0
-54 -66 -4 0
31 72 54 0
-47 -56 -69 0
74 43 -27 0
-7 27 -11 0
57 -36 51 0
34 -11 -12 0
-33 18 39 0
-41 58 -49 0
-52 34 -73 0
-5 -22 4 0
57 66 -1 0
-6 -21 51 0
-65 -18 69 0
-19 -34 -46 0
68 -31 50 0
4 46 -3 0
68 62 2 0
-21 -6 52 0
40 -1 13 0
71 37 -38 0
-39 61 22 0
-71 -68 -39 0
55 -28 -42 0
-43 24 -64 0
39 40 -18 0
71 -29 -49 0
-61 -54 -71 0
-48 -56 -39 0
-23 22 -39 0
41 65 -37 0
-72 -2 70 0
-52 -24 36 0
-67 -36 -46 0
62 -73 41 0
73 30 36 0
7 -74 64 0
30 -48 -24 0
55 12 -53 0
10 -16 -37 0
21 23 -5 0
-59 71 19 0
-12 -61 69 0
58 28 -65 0
35 -24 32 0
-28 -55 -24 0
-62 -22 6 0
64 -9 -24 0
28 57 -18 0
24 35 -49 0
-34 25 -11 0
23 -62 -7 0
-27 4 -2 0
-40 -26 19 0
68 -17 66 0
36 19 67 0
63 74 -1 0
-20 -65 28 0
38 -59 20 0
47 -36 3 0
-11 -24 -55 0
-75 -27 52 0
-73 -37 -33 0
70 25 -21 0
-1 -68 -23 0
32 37 7 0
41 -54 -38 0
27 20 47 0
-34 31 -63 0
-8 -12 60 0
40 -11 -19 0
62 39 37 0
-18 -51 39 0
s UNSATISFIABLE
d decisions 41
