c Random 3-SAT instance
c alpha = 9.5, N = 75, L = 712, instance = 193
p cnf 75 712
70 30 -2 0
-60 62 -8 0
60 75 -18 0
-27 -70 55 0
74 72 -45 0
2 43 62 0
-51 15 -71 0
52 60 -51 0
12 58 49 0
27 -35 66 0
-38 43 3 0
-18 -53 8 0
65 -61 45 0
16 48 -43 0
43 36 6 0
-33 62 36 0
-70 67 -47 0
41 -21 43 0
66 71 7 0
-67 -72 -61 0
-40 -15 44 0
58 -2 -38 0
-58 -56 -50 0
-75 12 65 0
-36 -61 14 0
-16 -28 -11 0
-66 -43 71 0
66 50 10 0
-3 -26 47 0
-11 -40 70 0
15 70 -44 0
-40 73 71 0
-35 30 -2 0
-25 73 3 0
-33 27 -39 0
-73 46 23 0
56 72 58 0
-7 26 -72 0
4 26 17 0
-42 -27 64 0
26 -38 69 0
-6 18 52 0
72 -43 -10 0
-22 44 -64 0
70 -10 -21 0
48 56 -8 0
-25 -30 51 0
-8 -2 -54 0
-41 -50 30 0
73 5 -69 0
68 -52 65 0
-15 -54 -40 0
10 27 63 0
43 -63 -2 0
1 68 29 0
73 43 -33 0
7 20 -55 0
19 -62 -7 0
-8 11 40 0
49 -53 -40 0
-39 -75 -67 0
-4 -8 -61 0
-3 68 -8 0
39 -8 45 0
-37 -54 28 0
63 55 64 0
18 30 56 0
69 -9 -59 0
-50 18 57 0
42 -14 -52 0
48 50 15 0
40 -22 44 0
52 -71 -5 0
40 -28 65 0
-51 54 58 0
67 26 -32 0
12 2 -49 0
-37 9 66 0
56 -45 66 0
-3 43 -67 0
48 6 -18 0
-24 17 2 0
58 16 -62 0
44 22 -63 0
51 42 -69 0
-50 -58 -21 0
-4 25 59 0
-10 -43 -9 0
48 16 27 0
-62 -57 -14 0
62 13 -61 0
21 -65 48 0
36 14 -23 0
8 -65 -7 0
-10 19 49 0
-61 50 15 0
58 -35 13 0
-48 -58 51 0
-22 35 42 0
9 22 -19 0
28 51 53 0
3 -15 7 0
26 47 -35 0
-5 -55 -61 0
26 -31 57 0
-7 -66 -30 0
-25 -14 51 0
-45 -33 -67 0
7 2 -26 0
46 -15 -23 0
19 -1 -4 0
-4 51 -74 0
32 17 70 0
-44 -38 1 0
72 56 -66 0
75 -55 48 0
-12 -34 -7 0
73 -64 -21 0
-21 -43 11 0
-44 -38 -21 0
19 -56 -29 0
-65 -28 -32 0
13 -74 63 0
6 -75 -41 0
-53 -70 46 0
-66 -73 -53 0
31 -46 -71 0
-54 60 28 0
-31 -71 14 0
5 57 -1 0
-47 -15 -75 0
51 -13 -3 0
-29 42 16 0
-50 59 -4 0
-4 -24 -18 0
63 -43 6 0
-73 -20 70 0
-11 -8 -54 0
2 -48 -18 0
73 8 -5 0
-7 43 -14 0
-31 40 63 0
-3 11 -38 0
-19 -63 -17 0
60 55 18 0
-17 -28 -67 0
32 -74 64 0
-21 -9 -35 0
-25 74 54 0
-29 -39 -14 0
-75 28 26 0
22 -64 -57 0
33 -73 38 0
-6 59 60 0
41 10 -25 0
-3 41 10 0
46 -57 -60 0
-49 29 -72 0
39 60 -65 0
-12 43 57 0
58 47 -38 0
-71 -54 -57 0
29 21 -28 0
35 27 57 0
-52 -74 -27 0
41 -12 -47 0
15 -11 -45 0
1 5 -43 0
75 5 24 0
-8 -51 -39 0
28 51 -14 0
69 -64 -45 0
10 -31 4 0
-31 60 18 0
-43 30 18 0
-67 -6 -54 0
74 -69 -35 0
-31 -7 72 0
46 2 23 0
4 -61 32 0
6 -28 57 0
-45 49 -48 0
13 -29 -59 0
-6 -66 -18 0
72 5 -4 0
-45 40 70 0
73 -58 2 0
60 36 -46 0
33 67 40 0
-59 -61 -64 0
5 29 -61 0
-25 -67 -29 0
-32 -50 -19 0
42 41 75 0
69 -32 13 0
37 -28 -6 0
51 -41 -67 0
-29 23 6 0
-50 56 64 0
-29 -53 31 0
19 -40 -51 0
11 40 65 0
-10 42 -19 0
-67 8 11 0
60 42 18 0
-71 66 -16 0
32 -60 -37 0
-16 60 -24 0
-40 -62 68 0
15 -63 3 0
75 50 -34 0
-12 -70 11 0
-61 -11 14 0
16 43 -41 0
10 -34 48 0
30 -8 57 0
45 17 71 0
41 34 66 0
20 -11 63 0
73 14 -72 0
59 -52 66 0
62 -68 26 0
61 49 -46 0
-33 2 -27 0
2 21 -20 0
-59 45 -6 0
19 63 62 0
-30 48 29 0
-40 9 31 0
34 11 -48 0
-36 16 55 0
71 53 41 0
-18 -41 6 0
71 72 -10 0
-26 55 66 0
43 -33 -38 0
49 35 26 0
-37 34 -39 0
43 -56 -41 0
26 -43 45 0
-42 -44 -40 0
-70 -53 -26 0
-26 -18 -56 0
57 24 -72 0
62 -36 19 0
48 42 19 0
22 -68 54 0
-47 49 59 0
-50 63 39 0
-48 43 71 0
-20 -48 47 0
62 -48 -17 0
-64 -12 -27 0
17 69 71 0
8 -74 75 0
10 -60 11 0
57 13 -56 0
-37 -28 -10 0
-25 2 -38 0
-59 41 32 0
16 48 -38 0
-51 37 26 0
62 11 5 0
-45 -42 -41 0
-71 -12 -73 0
4 46 59 0
73 -1 61 0
-19 72 -48 0
64 18 -72 0
-23 -55 -27 0
63 37 18 0
18 64 19 0
-64 34 30 0
62 36 -41 0
25 24 27 0
-21 69 -10 0
-20 36 61 0
-27 17 -70 0
-23 28 -29 0
13 -59 -16 0
-55 25 17 0
-65 21 -23 0
-56 -75 -26 0
17 56 51 0
39 74 -15 0
-69 2 -44 0
-54 19 17 0
34 53 -39 0
-56 -18 -23 0
-28 52 -2 0
60 62 35 0
-23 24 -20 0
15 53 -43 0
14 55 56 0
41 -67 -9 0
60 -29 -65 0
-44 69 -71 0
-72 -66 6 0
6 -36 -17 0
-73 -52 -57 0
-18 -17 19 0
37 -75 29 0
38 2 -52 0
-60 62 -48 0
-19 -55 5 0
21 56 8 0
-27 -19 -56 0
52 16 59 0
-10 -53 -8 0
54 19 -56 0
-25 -52 -27 0
-40 57 6 0
40 47 42 0
51 -30 -47 0
27 4 -19 0
70 10 -41 0
-9 -72 -7 0
64 58 24 0
11 1 59 0
45 3 73 0
23 -49 64 0
-54 -64 -19 0
9 -68 -72 0
25 -52 -20 0
19 -73 39 0
-56 -42 54 0
-24 -28 -55 0
-30 23 61 0
63 -2 44 0
-57 -41 -6 0
21 -48 29 0
72 24 -73 0
68 -62 30 0
19 8 -7 0
60 -64 -23 0
-53 71 -31 0
38 -69 -22 0
27 62 -7 0
-63 36 18 0
-73 -10 12 0
4 13 -3 0
-45 7 53 0
64 -19 -75 0
47 -33 -66 0
-33 62 -9 0
-1 -65 13 0
72 49 -34 0
56 -11 26 0
11 45 31 0
-56 -31 -41 0
-41 20 58 0
-45 -13 57 0
-15 67 34 0
-33 41 -13 0
-22 -4 44 0
-50 -44 54 0
47 -63 -45 0
34 -41 68 0
-57 2 5 0
66 42 -32 0
-8 -72 33 0
32 -54 -18 0
60 -17 56 0
-33 13 1 0
-42 69 50 0
-39 52 -31 0
-20 46 24 0
42 73 43 0
20 -68 -19 0
48 19 4 0
-32 27 8 0
-8 -32 -60 0
-46 71 -51 0
-65 -11 30 0
-27 -20 7 0
63 15 -57 0
-9 49 -17 0
36 40 69 0
20 -61 1 0
-14 18 51 0
39 64 55 0
-12 -31 32 0
-2 69 32 0
-2 72 -67 0
6 7 14 0
23 29 -63 0
16 4 -62 0
45 -71 -21 0
-65 -46 63 0
-1 -35 -74 0
-46 75 8 0
9 -1 39 0
35 -47 31 0
15 -9 26 0
-10 -31 -47 0
-30 -75 -21 0
-60 44 -59 0
-19 55 -8 0
-64 42 34 0
62 45 -53 0
3 42 33 0
-9 -68 -35 0
22 46 -71 0
8 -32 -21 0
-7 -41 44 0
56 -21 44 0
49 -53 -16 0
42 -36 58 0
-14 64 66 0
54 22 37 0
-35 30 32 0
69 24 58 0
1 21 -33 0
-73 -41 1 0
17 -6 47 0
31 -32 -67 0
-71 -24 33 0
11 50 -9 0
-21 40 16 0
-19 3 67 0
69 22 1 0
2 -45 49 0
-44 -33 38 0
11 55 -19 0
56 52 8 0
-55 63 -9 0
-54 -70 -2 0
-75 23 -2 0
33 1 -67 0
-23 -2 36 0
69 37 -74 0
34 72 5 0
-31 69 27 0
-7 -22 6 0
72 25 4 0
-51 -18 56 0
8 18 -19 0
-62 21 -37 0
8 -35 -9 0
-49 -33 -71 0
-52 23 -20 0
-43 -33 32 0
-43 -11 31 0
38 -50 -40 0
57 1 62 0
-6 22 3 0
-15 -45 -10 0
24 15 -40 0
-7 -33 -69 0
47 44 60 0
67 -38 75 0
-17 20 -67 0
-33 -70 50 0
-74 22 3 0
56 24 -8 0
-16 -62 -18 0
-33 35 43 0
21 65 9 0
51 -54 -52 0
65 36 22 0
-68 -45 -63 0
-23 13 -70 0
52 -34 62 0
-61 -34 19 0
35 27 -14 0
-13 -56 -67 0
33 -15 71 0
8 69 -64 0
28 -23 15 0
-9 59 -37 0
54 58 71 0
-67 22 75 0
13 -19 -5 0
33 53 6 0
65 45 -62 0
46 -67 -65 0
-67 9 4 0
37 63 -47 0
-70 20 56 0
-42 64 -14 0
-2 -47 53 0
44 55 33 0
-14 -24 -56 0
49 -55 -45 0
62 -2 13 0
-63 -72 -13 0
-65 3 -16 0
49 72 33 0
27 -25 -3 0
-1 -23 -41 0
21 -4 -27 0
-14 33 -18 0
-75 -21 60 0
-11 -22 -53 0
6 -23 24 0
22 -73 18 0
44 13 56 0
-39 -34 49 0
8 31 75 0
-57 -33 28 0
56 7 67 0
27 20 -74 0
-72 -33 -51 0
-25 -32 6 0
67 -66 -41 0
38 17 -55 0
36 62 -51 0
-4 11 43 0
-69 25 46 0
54 55 -72 0
-27 -41 65 0
15 -8 28 0
-35 62 -12 0
-57 56 -72 0
-45 8 -20 0
-45 9 -38 0
60 -23 19 0
1 -11 22 0
-65 -13 -63 0
56 20 -45 0
40 14 52 0
64 63 73 0
-7 -41 -73 0
-47 35 -68 0
28 -69 58 0
42 -39 7 0
-36 -34 -51 0
43 42 12 0
59 19 -53 0
-74 41 -35 0
-51 -29 27 0
72 51 -63 0
-53 -52 26 0
-65 55 -56 0
-29 -58 7 0
19 32 -59 0
-29 66 38 0
-75 -13 72 0
35 22 -27 0
65 -25 63 0
-47 -1 -8 0
-10 11 -34 0
-44 59 29 0
37 73 -31 0
-58 -52 -72 0
27 22 -19 0
-70 -5 7 0
73 -47 -42 0
-13 -63 -59 0
35 7 -4 0
48 -25 -29 0
-72 56 11 0
-11 38 -36 0
-72 36 -73 0
21 15 44 0
-3 -40 -5 0
56 -51 65 0
-31 -15 -14 0
56 -32 -49 0
72 40 -57 0
-43 15 -46 0
69 -15 -74 0
-26 42 18 0
27 -33 -47 0
-34 -33 -17 0
57 70 27 0
-38 59 -54 0
39 -14 74 0
13 -57 -56 0
-1 54 11 0
46 42 -67 0
-27 64 -44 0
5 -74 -54 0
-31 7 72 0
-2 68 -1 0
-15 46 45 0
-75 -72 -7 0
-43 -9 -60 0
-49 -21 16 0
-45 58 65 0
36 -47 -31 0
-75 47 -57 0
-75 -72 -69 0
10 -9 41 0
-25 -56 74 0
-55 7 -1 0
51 17 -57 0
23 -72 65 0
-34 -41 -46 0
-15 -70 -36 0
46 58 66 0
68 -18 21 0
12 -7 55 0
62 31 -45 0
2 51 -25 0
-46 -15 -45 0
-59 -18 32 0
-26 -34 42 0
12 -64 58 0
66 50 -19 0
-33 32 -54 0
-24 10 59 0
70 -74 -62 0
-41 30 -40 0
-73 -25 20 0
-15 51 24 0
25 22 -50 0
8 -73 57 0
-30 -66 -17 0
7 -36 2 0
55 -75 69 0
-19 -59 48 0
-53 35 -61 0
21 -55 61 0
-12 69 -25 0
-48 -67 45 0
-10 -13 -25 0
-7 -45 27 0
69 68 -5 0
-64 -39 -59 0
13 -30 -74 0
5 -38 71 0
-17 75 -51 0
-7 6 -41 0
-23 -67 -38 0
32 36 13 0
-34 -50 -29 0
28 -36 -48 0
52 -57 -4 0
-55 25 -61 0
17 37 -10 0
40 -59 -35 0
-2 -63 -55 0
-46 -1 -51 0
-71 64 -6 0
-40 -72 8 0
28 32 -40 0
-13 5 44 0
-39 32 26 0
-51 -46 12 0
-27 -37 74 0
-39 8 23 0
-27 23 -55 0
-12 -66 -39 0
-75 63 -31 0
-17 41 -64 0
-62 -67 -8 0
34 15 51 0
12 30 57 0
-42 -74 -45 0
74 -62 37 0
-8 59 10 0
-17 -52 -19 0
28 -23 -29 0
-71 -34 49 0
24 60 -71 0
-59 22 63 0
-49 16 60 0
70 -7 44 0
27 -51 29 0
38 22 42 0
74 48 -56 0
-62 6 -72 0
-56 -39 -42 0
-55 45 33 0
61 17 -47 0
58 27 -16 0
40 27 24 0
-42 33 -72 0
-57 -45 -6 0
-62 -37 71 0
-70 -47 41 0
13 -64 3 0
2 -65 -39 0
-19 20 56 0
47 4 64 0
65 70 74 0
58 30 43 0
-41 57 68 0
-17 -9 -57 0
-46 65 -36 0
-4 23 50 0
53 -66 9 0
61 -24 72 0
57 -65 11 0
28 -64 54 0
-45 59 -21 0
-8 -47 50 0
55 -48 -7 0
5 3 -69 0
-15 -6 -46 0
7 -59 49 0
1 -64 60 0
59 -10 -7 0
8 29 -59 0
-25 -42 -39 0
-72 -14 50 0
66 17 -75 0
11 73 33 0
22 24 61 0
-52 72 1 0
-21 -29 -65 0
-74 -41 -18 0
-62 -27 1 0
-57 28 9 0
43 -18 60 0
61 19 -68 0
-50 49 -26 0
73 -75 67 0
-32 34 -40 0
36 -3 -46 0
-39 61 6 0
s UNSATISFIABLE
d decisions 24
