c Random 3-SAT instance
c alpha = 8.0, N = 75, L = 600, instance = 73
p cnf 75 600
4 -73 -27 0
37 -12 35 0
1 -31 -19 0
-56 -43 -51 0
52 48 34 0
-63 -3 -27 0
-64 -6 59 0
-41 61 -48 0
42 65 50 0
-70 39 -36 0
-20 -4 -58 0
13 -71 -41 0
63 -33 25 0
-71 24 -34 0
-16 67 34 0
16 -60 31 0
2 50 17 0
41 8 -44 0
18 9 -33 0
51 26 -68 0
24 35 67 0
41 -9 -15 0
-55 -37 57 0
-1 -55 34 0
55 70 7 0
-15 68 41 0
42 -48 -31 0
-63 -50 8 0
31 -33 -3 0
-38 -32 67 0
38 17 -21 0
-60 -56 -41 0
-31 -6 10 0
52 72 67 0
-31 56 66 0
-67 -44 55 0
24 57 36 0
61 57 -62 0
40 73 -56 0
-75 -52 68 0
-2 -28 -29 0
-15 -25 -9 0
-40 27 72 0
-6 7 -64 0
-11 39 74 0
69 -49 -17 0
-37 -64 -5 0
-31 -62 30 0
-25 6 20 0
40 -5 -10 0
-4 -59 23 0
-40 1 -58 0
47 45 69 0
29 -7 -5 0
11 -70 20 0
-58 52 -22 0
61 -41 54 0
6 7 73 0
35 45 69 0
-30 16 27 0
-29 -36 9 0
-29 43 -25 0
13 63 -24 0
-14 13 -52 0
53 20 70 0
-9 20 15 0
-40 -58 -49 0
23 -69 53 0
-75 -10 -59 0
-48 -73 44 0
-57 -67 74 0
-38 -14 35 0
7 59 47 0
-40 35 -34 0
1 11 -65 0
65 -51 -28 0
29 -60 -7 0
42 -17 15 0
-29 23 -60 0
66 41 28 0
-74 -27 65 0
-47 29 39 0
25 -24 -20 0
-14 -48 58 0
-59 25 -8 0
-12 -50 52 0
-65 -5 74 0
65 -53 22 0
-70 71 -72 0
-1 17 -33 0
70 54 -57 0
75 -66 40 0
-19 -29 15 0
-33 70 18 0
-27 32 -45 0
31 -12 13 0
43 23 7 0
-57 35 -55 0
54 8 -47 0
24 -42 -15 0
-32 65 -3 0
-41 50 14 0
58 -54 -55 0
-8 19 -64 0
-6 61 52 0
5 4 -25 0
67 71 54 0
-39 7 -19 0
40 11 -58 0
-43 55 -12 0
15 68 -54 0
-41 -59 -40 0
-20 -37 7 0
20 46 -2 0
15 6 32 0
-65 55 34 0
55 37 70 0
-17 -1 -3 0
-63 10 -31 0
-33 -71 48 0
-63 -33 -38 0
-55 -24 28 0
47 69 32 0
-71 2 18 0
63 -26 -15 0
-69 68 64 0
-41 -67 16 0
18 -20 65 0
30 -19 -23 0
29 -51 67 0
22 -52 21 0
26 -51 42 0
-61 -5 -24 0
13 -12 -75 0
26 -68 9 0
19 6 -12 0
-66 -56 33 0
-22 -56 41 0
27 73 18 0
5 -30 65 0
-28 -44 -49 0
-33 75 -7 0
36 53 75 0
-60 56 8 0
5 26 62 0
-50 -51 -14 0
-12 11 -24 0
22 -38 -4 0
-75 -6 -42 0
-46 56 8 0
-13 15 -9 0
27 -75 -29 0
-68 26 -49 0
-50 -34 -64 0
43 32 -24 0
-68 43 -65 0
20 9 -68 0
67 57 -41 0
-59 14 -1 0
-44 -22 -10 0
40 67 -45 0
-24 -75 3 0
-17 -59 38 0
21 -46 38 0
69 -20 -64 0
18 74 11 0
-16 -59 -68 0
-31 -68 3 0
50 1 -70 0
50 33 1 0
-47 23 55 0
-46 -45 48 0
55 16 74 0
47 -32 -4 0
63 7 3 0
-31 1 -52 0
-64 65 10 0
-71 -24 74 0
33 10 68 0
-15 -66 28 0
69 -54 44 0
10 -69 32 0
28 10 -65 0
39 -23 72 0
-28 -36 -7 0
-30 66 -51 0
4 -73 43 0
14 -65 -52 0
74 64 14 0
49 -39 -3 0
70 2 45 0
10 65 18 0
-2 -21 39 0
62 6 66 0
10 4 46 0
71 68 31 0
-26 38 -60 0
-16 -32 42 0
-73 -54 39 0
-33 7 -56 0
17 27 51 0
-51 66 56 0
66 -51 53 0
-71 -51 -19 0
-28 12 -19 0
49 48 53 0
-24 -70 30 0
12 -50 40 0
-65 22 -31 0
-18 -19 27 0
-51 -1 12 0
-43 -40 25 0
-62 -30 61 0
-61 -16 -57 0
74 -4 -23 0
-30 -6 39 0
13 22 -53 0
4 17 68 0
36 -22 17 0
63 50 26 0
-63 -62 -35 0
-52 -74 11 0
27 -41 24 0
45 -30 61 0
-54 -49 20 0
-73 44 19 0
4 -27 24 0
45 11 49 0
-38 51 -44 0
-26 62 -4 0
-38 33 68 0
-8 -57 -69 0
-2 -71 18 0
74 -43 -29 0
-54 62 29 0
-31 1 50 0
-40 41 44 0
28 37 -47 0
-29 -73 31 0
51 -6 1 0
74 -37 -71 0
-18 44 50 0
-58 74 72 0
-3 26 38 0
-12 10 -7 0
40 -3 10 0
31 14 -74 0
-50 42 36 0
49 3 7 0
36 -67 54 0
-3 71 56 0
-13 -68 -62 0
36 -48 40 0
-2 20 -35 0
52 -75 14 0
-48 39 -61 0
22 35 -39 0
72 -62 -36 0
-16 -71 -8 0
-20 15 43 0
-7 -10 34 0
-74 -52 -31 0
51 44 -13 0
3 18 32 0
-37 58 28 0
40 -16 46 0
-41 -30 -40 0
-37 -45 17 0
-21 -55 -61 0
-21 -47 39 0
-52 56 45 0
-68 -2 28 0
-8 46 -70 0
-35 -15 -32 0
65 51 69 0
28 -53 -47 0
31 68 66 0
18 16 -5 0
28 -36 21 0
18 27 -51 0
-47 73 54 0
22 -23 29 0
-60 -21 -22 0
-67 3 -32 0
3 21 -14 0
-65 -58 9 0
4 -55 12 0
4 10 -9 0
-50 -48 -39 0
-22 46 -25 0
-15 61 -13 0
13 31 -65 0
2 5 52 0
10 -46 60 0
-35 -43 -20 0
11 73 -29 0
65 22 -71 0
23 -66 34 0
-28 20 48 0
42 -6 45 0
-36 -39 -38 0
-33 -68 21 0
13 3 72 0
-32 75 -18 0
-75 40 28 0
63 -66 -40 0
65 -40 -37 0
-64 -7 71 0
-11 -63 -27 0
10 53 -24 0
60 -2 66 0
19 9 38 0
29 -2 10 0
14 -20 45 0
72 71 -69 0
32 -72 11 0
-30 18 69 0
-31 2 -60 0
34 -29 64 0
13 -51 1 0
52 -31 -45 0
-44 -13 -18 0
43 -18 1 0
40 -43 -46 0
-61 -25 34 0
74 -49 -22 0
-66 28 -47 0
-44 64 -62 0
53 13 -47 0
-45 -64 -24 0
22 -42 -36 0
-17 39 -14 0
-73 8 -75 0
36 65 66 0
31 -46 38 0
16 -4 28 0
13 8 29 0
-62 -60 33 0
-17 -65 74 0
14 43 -5 0
-71 74 -5 0
-49 26 -2 0
6 -65 -58 0
-33 -30 -18 0
5 26 43 0
-30 68 -42 0
-12 68 -54 0
42 28 -48 0
-63 75 -62 0
26 3 -28 0
3 25 -7 0
15 -14 13 0
35 12 -16 0
-33 -25 52 0
56 51 -52 0
-13 1 -27 0
-67 -9 43 0
71 54 -22 0
-32 -74 28 0
2 4 -58 0
51 46 27 0
-74 -36 -13 0
-26 -59 10 0
-10 -9 46 0
-10 54 50 0
-33 -2 34 0
-67 20 -48 0
-22 -74 -46 0
-25 3 -48 0
25 45 42 0
-1 74 2 0
-36 61 45 0
53 -62 -31 0
28 41 43 0
-17 -25 37 0
18 35 52 0
-20 43 -44 0
-49 61 -11 0
49 -62 -31 0
59 34 -41 0
-56 50 -38 0
68 8 -55 0
-54 22 -29 0
-51 -45 -56 0
-16 71 -64 0
19 -64 52 0
40 14 37 0
44 22 -40 0
-29 -62 50 0
-66 -20 70 0
-58 44 50 0
-14 25 51 0
-6 12 -69 0
-9 -40 -42 0
34 -16 61 0
-51 62 -45 0
-39 4 27 0
-40 -7 -67 0
-66 69 26 0
52 -6 12 0
-72 -20 -49 0
40 56 -53 0
-16 -19 -35 0
-29 -37 40 0
30 22 58 0
-75 -29 28 0
59 -72 -7 0
38 53 74 0
17 49 52 0
21 36 -38 0
-38 -48 -63 0
31 -10 -74 0
47 -53 14 0
75 33 -59 0
3 -8 -35 0
60 57 74 0
-21 -53 -6 0
-42 8 64 0
-52 56 65 0
67 -61 24 0
36 -6 30 0
-49 73 -44 0
-38 -51 6 0
8 -36 -7 0
65 33 -31 0
44 73 -50 0
39 -61 46 0
16 49 27 0
-23 7 -3 0
-21 -31 -48 0
31 -19 40 0
2 -55 -62 0
-43 69 65 0
51 35 -32 0
63 -13 31 0
24 -11 -48 0
30 35 18 0
13 18 51 0
-13 -71 27 0
17 50 52 0
63 -13 -23 0
-43 -24 -40 0
-17 25 -35 0
-15 -47 16 0
59 72 45 0
-62 -65 -53 0
-48 5 63 0
-35 -20 -24 0
-21 54 -73 0
-71 4 55 0
7 -42 56 0
-26 53 -36 0
-14 26 -15 0
69 -9 59 0
59 -8 -40 0
-15 5 -1 0
-17 68 -11 0
28 -53 -58 0
13 -51 53 0
-57 22 -19 0
58 -57 -10 0
59 -47 -3 0
10 48 -12 0
57 48 50 0
25 1 63 0
2 6 -74 0
-62 48 -37 0
75 67 -35 0
15 11 -68 0
-41 -46 37 0
-60 31 -18 0
-19 -26 59 0
-27 -20 -60 0
71 -28 55 0
-19 -26 -54 0
19 -22 -68 0
26 -67 10 0
-22 -34 39 0
-51 47 -26 0
-3 -69 -72 0
47 -49 -61 0
-59 -11 55 0
-28 -14 65 0
22 36 21 0
9 56 -7 0
53 -35 -57 0
48 45 -69 0
26 -52 33 0
63 -54 1 0
18 -9 -27 0
69 -28 30 0
-61 -54 40 0
17 -27 60 0
-70 -35 -1 0
-19 52 -45 0
74 66 51 0
-69 -68 64 0
62 3 45 0
41 -23 51 0
-22 -50 -8 0
38 14 13 0
-2 73 16 0
67 -20 43 0
-3 -14 -19 0
63 -25 -56 0
-63 51 -67 0
12 36 -69 0
58 -31 53 0
-60 -49 52 0
55 -45 -39 0
-47 -73 -38 0
-33 -3 -1 0
75 4 25 0
-7 -1 -24 0
62 54 -46 0
-13 49 38 0
-54 -75 62 0
-69 -35 -43 0
-63 56 -38 0
-23 75 -70 0
13 26 -31 0
-42 21 52 0
19 -31 -21 0
-1 33 -37 0
-53 -56 57 0
29 -26 -56 0
45 43 -28 0
27 56 52 0
2 -54 73 0
5 67 -16 0
-2 -54 52 0
-31 50 38 0
70 4 41 0
-27 -17 -53 0
-10 -27 -44 0
-41 -16 -50 0
4 28 30 0
1 -54 -29 0
-48 26 44 0
51 -43 -54 0
33 -60 -69 0
-43 62 19 0
-71 -46 73 0
-13 16 63 0
-62 -20 -32 0
-66 -34 56 0
25 19 -53 0
48 -18 -13 0
17 -47 50 0
-7 -10 60 0
18 9 -19 0
-21 24 -20 0
-57 28 64 0
-27 -39 73 0
-25 19 21 0
69 -4 65 0
46 22 -48 0
-29 64 -57 0
54 33 -3 0
74 -29 69 0
-29 -54 -61 0
-18 -59 28 0
20 -10 52 0
24 31 -52 0
-51 -25 8 0
8 -2 66 0
40 65 -66 0
45 44 70 0
-67 48 5 0
17 64 69 0
45 72 8 0
-59 50 -1 0
2 13 21 0
-73 39 -61 0
26 -40 -19 0
49 -51 28 0
-38 -75 -36 0
-41 -1 70 0
-70 -64 -25 0
52 -14 -48 0
-2 -63 10 0
7 -63 22 0
38 -41 -19 0
19 10 -32 0
-28 43 -70 0
-5 -72 33 0
17 -22 33 0
17 -74 -51 0
-45 -74 -24 0
-71 33 38 0
-7 -45 -71 0
-34 -70 11 0
-16 11 7 0
-61 -72 -4 0
14 65 -61 0
-38 -45 54 0
30 18 28 0
-44 73 -57 0
-69 16 -15 0
-38 -27 3 0
s UNSATISFIABLE
d decisions 56
