c Random 3-SAT instance
c alpha = 9.5, N = 75, L = 712, instance = 237
p cnf 75 712
45 -42 -60 0
-65 -47 7 0
-49 -39 -13 0
-68 -45 -24 0
72 33 -51 0
-43 -23 74 0
-7 44 -30 0
1 -72 8 0
15 -14 -3 0
-50 -73 14 0
-20 -67 -6 0
-1 42 49 0
-27 -43 -20 0
-15 58 3 0
73 -64 -52 0
-47 -32 -72 0
54 -43 62 0
-50 36 52 0
-59 -54 -61 0
-59 -58 21 0
-26 10 -24 0
-75 32 -37 0
31 51 22 0
38 -64 6 0
-42 -59 -49 0
-18 -63 -73 0
-30 -52 -1 0
-59 -67 -65 0
-22 -64 36 0
-63 -56 9 0
26 -63 -49 0
-2 27 48 0
-16 68 -24 0
22 -14 -69 0
-69 7 24 0
-32 46 34 0
-34 35 -40 0
52 48 34 0
38 34 71 0
-68 16 20 0
-4 -65 71 0
-24 43 27 0
-14 -68 -75 0
2 25 49 0
-54 -13 43 0
38 51 39 0
-30 -31 -35 0
25 -22 33 0
-2 -29 -59 0
-39 48 -70 0
-11 36 -71 0
-40 -22 -59 0
-23 30 -68 0
-61 25 3 0
51 64 -3 0
-53 -33 37 0
59 -75 54 0
59 -66 -61 0
-69 -50 -59 0
-44 -17 -66 0
-19 -47 -18 0
48 40 -32 0
-27 47 55 0
25 -65 -66 0
-47 5 29 0
67 71 57 0
41 59 61 0
-11 31 44 0
-58 41 -31 0
-9 60 -71 0
-1 -68 -29 0
-61 50 19 0
-24 66 10 0
18 52 -64 0
-54 73 -63 0
-50 9 33 0
-36 -17 -37 0
-52 13 -35 0
18 27 11 0
26 17 2 0
-4 8 14 0
71 7 -2 0
-20 14 -59 0
-17 -21 -65 0
67 -21 66 0
25 -7 51 0
58 35 20 0
-24 -37 -65 0
13 27 -60 0
12 56 -35 0
-13 -66 -36 0
-54 24 34 0
35 -47 -54 0
-15 25 -65 0
4 -40 -66 0
35 -15 55 0
-30 -57 -55 0
-31 -47 49 0
-11 19 71 0
-46 -16 -61 0
74 54 -16 0
-74 -23 -19 0
34 -75 51 0
-22 3 7 0
-73 40 16 0
44 25 1 0
-61 -15 70 0
-13 41 -69 0
30 63 67 0
-13 -69 42 0
65 47 -46 0
-38 75 -25 0
60 68 41 0
-40 -45 54 0
-45 -74 -53 0
-48 -75 -46 0
63 58 -9 0
-15 26 33 0
-43 53 47 0
-58 64 46 0
-57 10 15 0
20 13 74 0
-9 -19 67 0
-71 -54 -41 0
40 -22 51 0
53 -41 -64 0
23 -44 13 0
2 28 36 0
-47 53 -24 0
70 -61 -56 0
-9 -43 33 0
71 12 -39 0
-15 42 29 0
22 -62 -43 0
-17 28 69 0
-30 -13 -10 0
-54 -66 -48 0
-43 55 -40 0
19 25 13 0
48 39 45 0
-62 23 13 0
-10 13 -2 0
38 -57 5 0
-62 5 73 0
42 21 44 0
72 57 58 0
-29 56 41 0
-73 -61 4 0
14 69 2 0
-65 33 5 0
74 68 10 0
51 -55 -10 0
-17 15 70 0
-2 -44 46 0
16 -21 26 0
-34 -47 -1 0
34 27 -21 0
20 54 61 0
24 11 -35 0
39 66 75 0
67 50 -27 0
-18 69 -25 0
23 10 -7 0
75 11 69 0
-67 -50 -19 0
17 20 -13 0
-45 -70 20 0
-1 50 69 0
22 43 -18 0
-18 -55 -67 0
-68 58 -11 0
49 -70 19 0
-13 -8 2 0
6 34 59 0
54 -25 47 0
-47 -38 -14 0
70 46 -1 0
6 -46 -69 0
68 18 23 0
54 12 51 0
72 -50 75 0
-4 -38 67 0
63 56 29 0
50 26 30 0
-1 42 57 0
28 -15 -58 0
-27 73 52 0
-56 9 -24 0
26 58 -14 0
-24 -58 -19 0
-13 -9 5 0
1 3 -39 0
37 -67 -17 0
10 33 75 0
33 40 61 0
-73 -55 25 0
44 9 49 0
-3 47 33 0
73 -11 -70 0
39 72 10 0
47 -45 13 0
69 -5 -27 0
-37 34 -27 0
65 -24 -14 0
40 -35 -9 0
-64 -28 -74 0
-19 26 -43 0
-60 51 -65 0
-21 -75 71 0
-72 17 4 0
43 53 64 0
-64 24 32 0
37 -53 68 0
-65 -47 -17 0
-28 -13 23 0
53 -12 66 0
46 66 65 0
-71 -53 -64 0
70 -20 31 0
14 73 -29 0
17 -58 53 0
-62 19 -28 0
64 53 -69 0
1 5 25 0
-67 59 50 0
-5 10 -61 0
-29 11 72 0
64 58 57 0
3 71 -61 0
74 -32 -21 0
-45 -14 22 0
7 13 19 0
27 -66 12 0
51 -14 -70 0
31 -25 30 0
61 -64 -73 0
-45 -19 20 0
-63 41 25 0
11 35 46 0
-58 41 -8 0
-41 -72 -47 0
-72 9 -33 0
60 -68 71 0
-20 -19 61 0
5 55 72 0
45 -41 -42 0
-31 -5 -38 0
-58 54 40 0
44 64 67 0
-16 74 -15 0
-66 -67 59 0
-30 55 3 0
58 -50 -65 0
-61 -45 1 0
-36 -25 -67 0
-16 -31 72 0
-71 -13 57 0
-65 43 1 0
61 -68 -55 0
11 -18 73 0
-55 19 -1 0
64 71 6 0
-40 -56 9 0
-17 21 -59 0
-11 -40 -28 0
48 -28 -59 0
71 -27 68 0
-19 50 12 0
-14 29 -38 0
-41 -67 -74 0
-44 -48 42 0
-18 72 -46 0
3 -58 -19 0
-67 -69 4 0
-65 -56 -23 0
19 -4 11 0
-42 -54 23 0
58 41 72 0
28 72 65 0
-73 -25 61 0
9 66 -67 0
75 -14 -42 0
-16 71 46 0
-70 -4 46 0
-35 -45 40 0
-41 -74 -32 0
55 59 64 0
15 -70 29 0
61 22 41 0
-38 23 57 0
33 -25 -22 0
1 70 47 0
-54 -22 1 0
50 28 6 0
-46 4 24 0
-31 -64 7 0
-66 44 73 0
-33 -14 -27 0
28 10 34 0
20 -43 -50 0
-37 27 24 0
-58 25 72 0
-29 30 36 0
62 42 -33 0
71 -63 75 0
-41 38 -59 0
31 19 22 0
23 47 11 0
68 -28 -69 0
59 -2 6 0
52 7 34 0
-63 -48 14 0
-50 11 39 0
3 38 41 0
-63 73 -9 0
-3 -49 40 0
-71 -22 57 0
-46 -32 -2 0
36 -48 35 0
62 19 -33 0
68 10 36 0
14 17 71 0
-1 66 54 0
-20 -66 72 0
45 13 -61 0
58 -47 -22 0
23 -58 64 0
-41 21 -37 0
-18 53 2 0
40 31 -45 0
30 60 -11 0
48 -13 10 0
-29 -6 66 0
-31 65 -44 0
51 -64 39 0
56 -17 -36 0
24 -64 38 0
-54 31 74 0
-48 58 -2 0
34 25 -29 0
71 -62 40 0
-8 46 16 0
12 57 48 0
-3 55 42 0
19 34 -49 0
67 35 -49 0
-19 -67 56 0
56 -26 -34 0
24 71 -41 0
-37 -71 -4 0
-72 36 73 0
-33 -17 -8 0
-7 27 -59 0
24 26 14 0
-69 -13 11 0
75 -69 58 0
55 54 -6 0
-24 34 -29 0
37 -60 -9 0
-66 -25 12 0
-24 -30 -6 0
21 33 67 0
-22 54 -24 0
-9 -54 8 0
29 21 -72 0
60 41 -5 0
-7 26 17 0
66 74 -11 0
75 -53 66 0
-36 -8 -4 0
-49 -31 20 0
-27 -44 34 0
-40 14 -24 0
22 -56 -54 0
18 8 19 0
39 35 -32 0
73 -6 24 0
74 -49 75 0
-9 68 5 0
-31 -54 22 0
56 -69 -49 0
-13 -73 -66 0
24 21 55 0
-11 21 42 0
65 60 10 0
-31 63 24 0
10 -40 -8 0
40 60 21 0
-27 -15 25 0
12 -5 22 0
-72 -11 61 0
-7 23 32 0
-74 3 -1 0
-35 71 8 0
-7 -49 -11 0
-45 63 -49 0
60 73 -6 0
25 -47 50 0
-23 63 -27 0
55 50 -63 0
-43 19 -7 0
-52 -46 -12 0
-56 14 -45 0
72 -67 -62 0
65 28 50 0
9 26 -27 0
15 14 47 0
-37 6 -10 0
-12 70 -13 0
-34 15 -50 0
20 63 13 0
-26 58 -73 0
-25 -74 -9 0
32 -30 -71 0
-60 -71 -2 0
41 -19 -59 0
-46 -37 51 0
54 -21 50 0
2 -7 20 0
-52 -39 -43 0
-17 8 70 0
64 -50 -10 0
-27 36 53 0
28 71 -42 0
-46 36 -71 0
36 10 18 0
39 17 -54 0
35 -62 -36 0
6 -49 -47 0
-24 35 48 0
-37 42 56 0
13 18 32 0
49 -14 -23 0
-70 -9 -19 0
-70 -37 11 0
-61 -57 -50 0
-7 40 -38 0
-18 -60 -49 0
-23 33 47 0
14 45 19 0
61 -58 38 0
-40 -27 22 0
-17 -13 -19 0
-31 52 22 0
27 -25 -43 0
51 69 3 0
4 3 6 0
-27 60 -66 0
-3 -25 29 0
32 -30 -33 0
9 28 -23 0
-14 -3 26 0
-51 37 -57 0
-11 21 2 0
19 -17 -54 0
-21 -36 4 0
60 62 38 0
-50 64 -55 0
-40 -28 13 0
13 35 45 0
50 -57 -34 0
-6 20 -13 0
-16 -11 -40 0
-5 -36 57 0
68 72 1 0
-19 -56 -28 0
49 -31 -71 0
-23 -2 -25 0
53 11 39 0
-13 -23 68 0
4 8 -55 0
56 -17 -39 0
-69 46 6 0
-70 23 -4 0
-2 46 -23 0
-17 12 10 0
23 68 46 0
61 -73 17 0
28 44 -54 0
-69 -33 19 0
69 -25 -9 0
-10 6 -18 0
38 -63 18 0
11 32 -48 0
-30 61 43 0
64 -18 -37 0
-5 47 64 0
-65 43 32 0
-55 -29 24 0
-37 -56 44 0
3 6 -54 0
-16 -22 -53 0
49 45 -22 0
58 -46 -59 0
-35 -6 -47 0
-47 -69 2 0
-64 1 -36 0
13 70 -9 0
13 -14 -69 0
-20 -54 30 0
-24 54 -35 0
-21 50 67 0
37 -48 42 0
35 -28 -18 0
-18 -46 67 0
-42 48 -25 0
67 -42 29 0
3 58 -36 0
65 -36 13 0
-25 -48 7 0
-4 67 -64 0
-45 -16 36 0
60 -10 -62 0
-67 -37 -8 0
75 62 -18 0
8 63 -50 0
10 44 20 0
38 73 -37 0
-62 -28 49 0
-17 -55 -14 0
-19 25 -9 0
-54 30 -57 0
-48 73 -5 0
-24 -57 -22 0
-20 30 13 0
-43 38 -46 0
-62 1 -40 0
8 54 11 0
-3 73 -46 0
-59 -37 -7 0
-11 7 -35 0
-19 24 8 0
-36 71 7 0
-20 5 32 0
23 14 -45 0
-7 -2 45 0
6 -68 62 0
-74 -19 28 0
67 -64 16 0
74 32 -8 0
-28 -6 57 0
-3 71 -30 0
-31 6 -63 0
-56 -50 -65 0
53 -11 -61 0
72 44 24 0
15 -50 72 0
53 38 4 0
-28 2 53 0
41 -47 -14 0
-4 -29 -58 0
67 -64 52 0
-17 23 -49 0
-57 65 -52 0
49 25 69 0
66 -9 -17 0
30 56 -41 0
50 60 67 0
-21 -66 25 0
46 -45 -33 0
-54 49 11 0
74 17 65 0
-45 75 43 0
-17 32 71 0
74 -39 56 0
-73 -42 -29 0
-47 -8 -28 0
54 57 -37 0
37 -61 -69 0
47 62 54 0
33 28 17 0
43 49 75 0
51 68 -63 0
-22 43 56 0
41 1 -30 0
61 29 57 0
-20 55 -3 0
-68 67 -59 0
24 -48 58 0
35 -17 72 0
9 -75 -13 0
-48 -52 -20 0
-43 -52 -46 0
-26 58 -8 0
11 -47 28 0
-72 -17 -64 0
-31 74 -34 0
-22 31 -16 0
35 -72 -49 0
34 -61 70 0
-35 11 -75 0
34 -29 -38 0
-49 -50 8 0
-40 -75 -68 0
25 -8 -28 0
-31 71 8 0
39 -11 50 0
-23 47 -26 0
-42 73 61 0
55 -74 62 0
24 6 -60 0
-43 75 -23 0
-74 -13 71 0
42 -75 -36 0
-60 -30 14 0
-67 24 37 0
-53 -16 1 0
66 -5 -30 0
35 -29 -19 0
41 50 -54 0
40 -39 -6 0
-68 -58 33 0
31 -3 -23 0
35 49 61 0
37 -44 67 0
22 -8 -17 0
51 -13 -32 0
-49 -62 -47 0
17 32 -28 0
74 68 53 0
-36 -68 -14 0
-14 -19 -73 0
28 13 47 0
38 71 -43 0
-38 67 -9 0
40 2 44 0
-36 42 -6 0
-73 36 66 0
-20 19 1 0
-12 54 -67 0
54 -3 -42 0
-65 -8 -23 0
-11 62 -27 0
43 -33 -21 0
-10 28 -58 0
30 -37 -1 0
-5 68 -65 0
15 14 6 0
-1 -73 24 0
-10 -8 -12 0
-22 -42 -31 0
19 14 25 0
-40 -70 33 0
63 -72 -58 0
52 40 24 0
-68 62 -63 0
40 -27 -48 0
-8 -27 -53 0
54 29 15 0
52 -31 67 0
59 -41 -42 0
-16 58 61 0
-14 -8 52 0
-21 60 12 0
11 49 56 0
-59 -45 -6 0
-60 61 -14 0
-29 13 58 0
29 -74 64 0
-29 19 7 0
-6 -27 41 0
30 -8 49 0
34 2 30 0
19 1 23 0
15 3 61 0
28 -16 18 0
-67 -26 -72 0
-4 16 26 0
-74 33 -55 0
4 9 -5 0
71 70 9 0
-40 -12 -7 0
65 -69 33 0
-22 30 -29 0
16 22 -4 0
-70 35 -72 0
27 -42 65 0
6 61 -52 0
68 -67 -8 0
35 51 48 0
30 6 -49 0
-48 -3 -31 0
48 56 -49 0
37 69 18 0
-30 -59 23 0
-55 -31 -21 0
53 -68 -24 0
68 -19 -24 0
30 -48 47 0
49 42 -67 0
48 30 -1 0
-52 35 -67 0
-5 -15 -14 0
-46 66 75 0
43 -22 70 0
28 -39 -18 0
33 16 -54 0
14 -16 -22 0
33 37 20 0
15 60 -36 0
-38 60 31 0
54 -17 71 0
28 -59 36 0
-65 -58 52 0
31 -15 -61 0
45 31 14 0
-33 -10 -12 0
50 -15 66 0
69 25 -48 0
3 49 57 0
56 -27 75 0
29 -36 62 0
s UNSATISFIABLE
d decisions 39
