c Random 3-SAT instance
c alpha = 4.5, N = 75, L = 337, instance = 252
p cnf 75 337
-15 73 58 0
10 -49 57 0
-16 -49 -5 0
29 -63 -32 0
-61 57 -13 0
44 2 -58 0
20 46 36 0
62 -60 -13 0
-22 64 51 0
66 71 28 0
21 -42 -23 0
-14 -4 -39 0
45 -69 37 0
-46 25 -20 0
-18 25 44 0
-24 49 -65 0
53 -21 69 0
-50 75 -64 0
43 45 -54 0
43 54 -12 0
6 13 36 0
20 -53 14 0
-52 17 -63 0
-56 39 2 0
-42 -48 -58 0
-51 8 -40 0
-59 52 65 0
62 -45 -19 0
-39 -51 45 0
23 -30 -4 0
16 58 66 0
-15 7 -75 0
69 63 50 0
62 41 -43 0
-64 10 -74 0
51 -7 12 0
31 54 34 0
6 36 -65 0
-50 13 31 0
8 66 26 0
52 -44 18 0
-7 -40 -67 0
74 -43 4 0
-37 -21 34 0
-18 45 -41 0
-57 70 -52 0
58 37 40 0
-64 -19 38 0
47 -6 44 0
-5 52 -22 0
-63 58 34 0
-73 16 30 0
39 -20 -16 0
-4 38 -64 0
16 60 -5 0
71 54 -25 0
44 -19 29 0
-43 -5 54 0
-44 18 53 0
-47 -40 6 0
-27 -5 -29 0
-25 -66 -22 0
-13 74 12 0
-16 -27 -60 0
-72 66 -29 0
38 72 74 0
-34 -74 -42 0
68 -26 -51 0
-18 -16 -71 0
3 -5 27 0
-10 -42 21 0
-7 38 35 0
-26 66 13 0
19 -22 2 0
-6 -51 -47 0
-51 -13 60 0
-1 5 73 0
-47 73 45 0
7 67 6 0
-4 3 10 0
-49 -42 -28 0
-43 -8 -17 0
-71 43 67 0
47 -72 35 0
-44 62 46 0
56 62 -61 0
-33 69 -59 0
-64 -47 -44 0
4 -74 30 0
48 64 12 0
53 57 33 0
-3 12 19 0
16 5 75 0
-11 -10 52 0
62 44 -60 0
-2 4 6 0
-24 -65 -53 0
-14 13 -58 0
15 65 28 0
32 59 41 0
-67 -70 20 0
-1 -74 63 0
-35 -46 24 0
72 -67 12 0
43 2 4 0
-59 1 19 0
-16 -58 47 0
55 12 9 0
-9 -44 28 0
-10 -54 -19 0
-42 51 -8 0
-51 -10 21 0
65 -12 19 0
51 30 -19 0
-51 -4 61 0
21 -47 60 0
-31 -61 -1 0
-2 46 -58 0
-46 -31 -27 0
27 28 37 0
7 63 27 0
39 -47 1 0
-36 28 64 0
41 -58 34 0
56 5 -18 0
-3 20 -64 0
-62 -63 55 0
-39 21 16 0
-13 48 -2 0
7 3 67 0
10 34 26 0
2 -17 33 0
7 -49 35 0
73 -2 -55 0
-26 -18 60 0
-48 -20 71 0
-10 -52 16 0
-22 -28 -65 0
-26 45 69 0
-18 36 6 0
40 -63 -2 0
15 -12 35 0
12 -41 -5 0
3 34 -54 0
-33 -51 73 0
-69 -73 51 0
-15 -24 -72 0
-33 42 26 0
12 46 -10 0
-12 -31 38 0
-20 -51 -49 0
69 -29 34 0
-33 44 16 0
17 8 -67 0
-12 -20 -56 0
8 3 74 0
-33 -54 15 0
33 -48 18 0
27 -26 -11 0
69 66 9 0
-49 -48 47 0
-36 -38 -65 0
52 16 70 0
-22 -14 -38 0
-67 -58 52 0
44 -49 71 0
-34 43 40 0
-3 -9 61 0
-15 -51 17 0
-25 45 -62 0
-66 48 -58 0
72 -45 17 0
45 7 -30 0
52 60 -23 0
-22 -32 -58 0
61 -18 -5 0
-11 5 59 0
-59 20 22 0
2 10 14 0
59 21 17 0
-30 -61 -13 0
-11 59 -53 0
48 32 62 0
-58 48 62 0
4 38 34 0
-43 9 -31 0
-65 38 -68 0
-48 -35 -45 0
13 -4 -51 0
-49 -60 -14 0
33 -12 51 0
-66 -43 -60 0
32 -20 -74 0
-59 -71 -9 0
46 -74 21 0
-62 45 -36 0
-5 -37 35 0
12 60 -23 0
-73 72 24 0
-24 42 75 0
-52 68 -1 0
-38 62 -73 0
-21 18 7 0
11 62 -5 0
36 -34 -56 0
23 -53 -33 0
-31 63 66 0
-71 -59 42 0
-74 -24 -44 0
46 52 5 0
-28 46 29 0
-6 -40 -38 0
-48 -62 18 0
-16 -75 5 0
-4 55 38 0
-55 -64 25 0
-71 49 70 0
-3 71 -6 0
-49 -36 -24 0
-7 -9 -45 0
55 -14 13 0
1 -20 -71 0
25 -28 54 0
40 -45 50 0
17 -24 68 0
28 27 -32 0
57 70 -28 0
34 12 27 0
-66 -21 -14 0
-71 -32 -49 0
-26 -19 17 0
10 25 9 0
-67 -56 -58 0
51 -64 47 0
-4 46 29 0
48 -69 -33 0
48 -66 -31 0
-33 -31 -3 0
-11 42 -15 0
-1 41 34 0
30 7 2 0
55 43 -18 0
-75 17 -20 0
-21 15 -65 0
-48 58 5 0
-45 75 39 0
61 -42 52 0
-50 20 59 0
-5 25 -8 0
-50 60 -38 0
46 -39 -3 0
-5 -65 -63 0
-7 -42 -71 0
62 -74 -58 0
-56 -59 -44 0
-36 26 43 0
35 -54 -18 0
67 24 -33 0
9 -28 12 0
-69 70 -16 0
25 -5 37 0
-14 1 58 0
-52 -59 -64 0
-35 29 20 0
-63 31 -5 0
-38 -1 -74 0
10 9 -46 0
41 73 26 0
43 -13 37 0
-65 -19 73 0
17 -37 -27 0
42 -70 29 0
-66 44 -29 0
18 -5 9 0
-9 -5 -61 0
24 -15 -59 0
-74 40 16 0
38 29 35 0
-58 62 28 0
17 12 21 0
40 16 26 0
-34 51 -46 0
37 -70 -26 0
27 -15 20 0
22 28 36 0
-17 -57 -6 0
13 65 -18 0
-71 8 -40 0
-44 -21 3 0
72 -10 -57 0
4 -5 -8 0
-61 -6 -24 0
63 12 3 0
36 38 29 0
-47 63 26 0
54 66 62 0
27 -66 22 0
-55 47 -36 0
42 63 54 0
21 58 20 0
-6 -49 36 0
25 33 58 0
-61 31 20 0
-51 40 64 0
-69 -41 16 0
46 28 -6 0
-12 50 -9 0
15 34 -50 0
-56 -55 17 0
-35 -1 75 0
-30 72 18 0
-62 -32 -41 0
7 74 18 0
17 -23 -72 0
35 34 -18 0
-69 -12 72 0
-73 30 6 0
74 30 -26 0
40 -62 -23 0
4 12 7 0
40 -66 32 0
9 -24 -51 0
20 -9 -55 0
1 68 -29 0
12 -26 7 0
-6 26 39 0
-53 21 -48 0
52 -70 51 0
20 52 3 0
-33 -11 -4 0
-73 -38 -54 0
-11 7 -61 0
-23 55 41 0
-54 60 62 0
-52 12 27 0
55 22 21 0
-1 70 22 0
s SATISFIABLE
d decisions 106
