c Random 3-SAT
c alpha=5.5, N=75, L=412, instance=5
p cnf 75 412
-18 -74 35 0
-12 31 -7 0
-60 12 -68 0
47 -62 -70 0
20 -19 -49 0
12 51 -25 0
18 -40 62 0
-27 70 48 0
23 -2 63 0
66 2 73 0
-20 45 1 0
61 -24 -15 0
-56 9 -7 0
-3 22 -2 0
-39 -41 -11 0
25 57 -59 0
21 -1 -73 0
-39 41 44 0
37 12 27 0
3 -40 59 0
-51 44 3 0
-3 22 5 0
-1 25 -13 0
-36 37 -19 0
34 65 -59 0
-54 10 -7 0
-3 59 11 0
65 -41 -62 0
-69 47 58 0
-39 51 49 0
-41 22 66 0
-62 67 16 0
20 -7 -34 0
42 15 58 0
20 -6 -37 0
14 56 -67 0
-11 51 4 0
3 -5 36 0
-33 -35 44 0
-72 -27 26 0
-65 -69 16 0
64 3 -4 0
48 -65 -25 0
-35 36 -39 0
-29 19 27 0
-72 27 54 0
74 -4 -47 0
-21 67 58 0
45 22 -56 0
43 19 -22 0
-37 -29 10 0
67 48 -16 0
-55 59 -41 0
57 32 10 0
-2 59 55 0
16 -40 -15 0
40 69 -45 0
63 21 -53 0
72 37 -46 0
17 -47 73 0
49 -12 -28 0
-66 -64 -48 0
-3 68 44 0
19 36 -23 0
27 -15 -66 0
30 53 -75 0
72 22 -12 0
-47 -65 1 0
19 66 -4 0
47 -40 -3 0
-63 28 15 0
-15 64 -47 0
20 -46 72 0
-35 11 -9 0
-55 40 4 0
-8 50 23 0
51 11 1 0
-36 -75 -60 0
-50 -18 -9 0
-17 36 4 0
44 53 -6 0
-45 51 12 0
74 7 55 0
-12 -41 61 0
56 9 -55 0
59 -32 73 0
53 36 -47 0
58 -35 63 0
-72 17 -26 0
-41 15 -30 0
-58 21 -57 0
-62 -69 -49 0
-2 -41 15 0
-29 50 1 0
-27 -52 -13 0
59 44 -53 0
26 23 1 0
-59 -30 17 0
-41 -71 -21 0
23 -8 -9 0
57 25 62 0
-38 -42 62 0
56 -58 47 0
53 75 -30 0
-25 -65 6 0
25 -40 -37 0
-64 -71 60 0
17 -63 12 0
68 1 -34 0
-38 2 28 0
21 -30 69 0
33 -65 75 0
-10 29 -34 0
-49 46 36 0
-32 -55 10 0
64 31 33 0
-13 -59 -64 0
66 56 67 0
-31 -71 -53 0
-12 -30 -50 0
-33 47 42 0
-30 39 -49 0
32 -12 52 0
35 18 23 0
-20 37 -65 0
3 -23 38 0
20 -17 22 0
6 24 57 0
66 22 -43 0
71 -15 -64 0
-52 -4 48 0
-61 39 -5 0
-46 75 3 0
73 -61 62 0
35 28 -19 0
-45 17 25 0
56 13 -75 0
35 66 46 0
1 73 -31 0
-50 -18 47 0
49 15 -39 0
-46 37 64 0
-8 26 52 0
48 24 62 0
-45 -55 10 0
-33 48 4 0
-49 73 68 0
-33 -15 -28 0
-16 73 -3 0
-54 33 25 0
-67 44 -57 0
-20 -2 57 0
56 -49 -62 0
-31 -21 27 0
-63 -21 -66 0
-46 -20 -29 0
-54 40 -47 0
17 -4 52 0
46 -15 -66 0
14 -10 -47 0
-39 -70 57 0
-2 26 61 0
-22 24 -59 0
-10 75 58 0
-55 30 74 0
72 40 -22 0
25 -41 8 0
-27 -54 38 0
40 -74 -62 0
-71 -1 -21 0
38 45 29 0
-73 -75 -45 0
-59 43 11 0
34 29 -46 0
71 55 -25 0
-48 43 -59 0
2 -33 -28 0
-37 22 45 0
-19 58 -46 0
36 -25 45 0
-14 61 -46 0
69 66 63 0
22 -32 36 0
60 72 -15 0
11 9 13 0
43 -4 20 0
56 59 66 0
-33 19 46 0
49 58 3 0
-68 13 58 0
-8 38 -33 0
-25 33 68 0
6 -21 -20 0
19 -73 -37 0
69 -43 -49 0
-75 -66 50 0
15 61 43 0
3 -17 75 0
5 2 -1 0
-17 -29 63 0
35 10 58 0
-47 46 56 0
55 -28 9 0
58 61 33 0
45 -58 -28 0
65 -19 -13 0
-57 44 18 0
17 -6 35 0
21 50 41 0
-29 75 35 0
33 -65 44 0
24 -53 62 0
-9 -46 31 0
59 -66 62 0
-73 -23 -39 0
-40 29 -51 0
22 -7 26 0
10 59 -70 0
-60 20 56 0
-72 -46 41 0
-12 -6 -34 0
58 -56 22 0
42 -32 -37 0
69 27 -38 0
-54 -69 -74 0
59 30 -33 0
61 31 11 0
-73 -6 -39 0
72 36 -12 0
-74 -48 -21 0
-58 33 -57 0
-47 70 -39 0
29 67 21 0
5 -47 70 0
75 35 -2 0
15 -47 62 0
-21 72 42 0
-50 69 9 0
47 -22 -44 0
-39 -51 -54 0
-26 -62 18 0
68 -18 -24 0
-71 -35 -8 0
68 27 53 0
35 -49 -2 0
-69 -27 22 0
72 21 16 0
-29 12 34 0
-44 42 -61 0
23 63 -25 0
57 13 -49 0
-70 -74 62 0
-4 -40 -26 0
-75 35 55 0
-74 9 34 0
-62 -36 -26 0
-24 -42 58 0
-50 -70 -47 0
74 -6 -59 0
-66 -74 -12 0
24 59 -35 0
-33 62 -47 0
-24 21 -19 0
44 -18 70 0
11 -7 -8 0
56 -48 -39 0
21 -73 63 0
47 22 -8 0
9 18 44 0
-69 -35 -1 0
46 -24 59 0
23 -65 4 0
66 -26 -11 0
53 45 50 0
-1 39 -6 0
55 -32 -48 0
56 16 -34 0
-48 -10 -23 0
52 35 51 0
-27 -50 68 0
66 -39 58 0
15 46 8 0
42 -52 -55 0
8 -18 -49 0
-66 -75 72 0
-55 40 -52 0
73 -22 -1 0
25 5 -33 0
18 -3 -40 0
70 -4 24 0
-29 15 56 0
-19 45 11 0
-25 -75 -21 0
-15 52 14 0
-59 15 70 0
-35 10 69 0
32 -2 -61 0
26 68 -2 0
-13 -30 31 0
59 42 61 0
-60 6 -23 0
7 -16 -69 0
72 -1 36 0
-37 22 -32 0
-1 -16 -8 0
22 -36 -16 0
8 -38 -29 0
-23 14 -21 0
31 -50 -49 0
19 -64 -20 0
27 32 36 0
66 -30 33 0
-65 -51 49 0
-37 -10 34 0
47 -55 -63 0
38 5 -41 0
-11 -22 16 0
50 -69 39 0
6 -45 16 0
-57 39 75 0
29 -65 -57 0
-12 -68 54 0
29 63 -14 0
-75 -33 65 0
59 -49 4 0
-75 29 -70 0
-46 38 -13 0
31 -32 21 0
-69 -10 42 0
-64 -7 30 0
23 67 -31 0
66 -60 -70 0
-34 31 65 0
7 47 31 0
-44 -48 38 0
-57 -69 -37 0
-12 74 51 0
64 -18 62 0
8 4 -29 0
-46 -7 13 0
49 26 32 0
-6 50 40 0
-48 19 -54 0
-20 -21 57 0
35 15 9 0
-50 60 56 0
-13 71 10 0
75 -58 74 0
-60 -26 -2 0
11 -12 25 0
41 -16 62 0
-23 -6 34 0
58 50 21 0
-32 37 -29 0
59 70 24 0
31 46 49 0
24 17 7 0
-45 12 29 0
-40 -3 69 0
-73 58 -4 0
26 67 -64 0
5 27 -20 0
-9 57 63 0
37 20 69 0
-59 56 55 0
66 52 -20 0
-37 41 68 0
67 -22 26 0
-11 44 -22 0
66 -61 48 0
-29 -53 -57 0
-36 -48 -69 0
-26 -64 -29 0
40 -31 -47 0
-73 -60 -12 0
36 11 -74 0
-43 26 -20 0
44 75 -22 0
8 -50 -2 0
1 -19 -13 0
-30 58 -73 0
-67 -54 -63 0
-60 42 56 0
43 -5 6 0
-10 58 30 0
50 68 -74 0
-74 8 -50 0
54 57 -18 0
12 72 -13 0
-18 -57 37 0
-10 -43 21 0
-56 47 46 0
17 27 -45 0
-34 21 -58 0
-49 -32 64 0
2 -65 48 0
-60 -58 62 0
-39 -69 -19 0
-54 57 15 0
62 45 29 0
75 34 55 0
-11 67 42 0
71 51 18 0
-33 -58 -36 0
60 51 39 0
-9 -74 -52 0
-23 -7 -47 0
71 -73 -45 0
-65 31 -69 0
-9 -31 -71 0
-27 74 -32 0
-64 71 2 0

c GPT solve time: 20.96 seconds

* SATISFIABLE
* Number of branches (i.e., decision points): 0
* Number of conflicts (i.e., backtracking steps): 0