c Random 3-SAT
c alpha=4.0, N=75, L=300, instance=5
p cnf 75 300
15 27 36 0
-7 -14 55 0
45 -30 -61 0
-75 -31 6 0
24 2 41 0
51 20 -28 0
-41 -12 -44 0
66 52 11 0
12 48 23 0
-63 -36 52 0
-13 -8 17 0
69 -13 -17 0
-68 75 73 0
69 -26 -5 0
-25 58 2 0
-4 52 -20 0
-36 8 -30 0
62 37 -72 0
30 -36 -35 0
60 75 -23 0
40 59 53 0
-52 -64 60 0
73 51 54 0
65 54 -23 0
-60 63 17 0
-55 25 -18 0
-55 -22 32 0
-5 12 -64 0
18 39 -38 0
55 36 -15 0
35 74 17 0
47 -2 56 0
43 56 -29 0
45 -35 -11 0
-69 -41 1 0
-17 -58 37 0
-4 -47 22 0
46 -4 32 0
-56 -64 24 0
28 -29 -55 0
14 34 74 0
25 60 51 0
7 -23 6 0
-37 7 -54 0
-13 -27 10 0
-33 -8 -20 0
-5 73 -25 0
55 12 45 0
-63 5 -47 0
-36 58 -46 0
-30 65 58 0
-63 62 -30 0
43 -40 -61 0
57 -22 19 0
-5 51 -52 0
-14 11 -58 0
30 -65 29 0
-49 -71 46 0
44 49 -53 0
1 34 -30 0
-64 -2 38 0
-75 -32 10 0
-24 -67 51 0
21 -67 -44 0
19 6 -23 0
-75 -29 54 0
-55 65 64 0
-73 -12 -3 0
57 -6 31 0
37 48 -49 0
-73 -41 -47 0
20 -41 -16 0
-57 40 -6 0
-57 16 -2 0
-60 -21 -55 0
35 -57 41 0
7 -37 -32 0
-51 2 17 0
-52 -24 -63 0
-61 31 18 0
-58 -15 30 0
-30 -13 -52 0
57 -69 -1 0
-24 -22 70 0
64 62 4 0
33 -54 -67 0
36 72 -73 0
-13 -58 -65 0
47 1 -59 0
41 61 -35 0
-71 -30 -58 0
-31 -2 -29 0
-55 43 53 0
-51 69 41 0
-65 -48 -47 0
27 -63 -4 0
57 75 -68 0
52 -4 47 0
-12 -35 59 0
-15 -31 66 0
22 10 48 0
-27 -23 52 0
34 41 31 0
-45 -36 -37 0
-42 -46 -3 0
-1 37 -27 0
-39 -34 -66 0
-46 59 -62 0
47 -16 -57 0
-14 49 10 0
-26 -20 9 0
-8 -6 -72 0
-60 58 71 0
-37 -50 9 0
-2 18 52 0
-41 52 -49 0
28 7 10 0
68 70 43 0
3 -57 -51 0
72 23 -39 0
66 -19 62 0
-5 -9 -1 0
8 18 -28 0
11 -38 -74 0
42 63 51 0
54 30 35 0
60 72 -27 0
-64 15 75 0
-1 -20 -24 0
-69 52 60 0
-68 20 -34 0
29 -68 -49 0
59 54 46 0
-33 24 31 0
-65 -7 -28 0
53 -59 55 0
3 63 28 0
-27 55 -32 0
-42 -65 32 0
7 -59 28 0
44 -23 -35 0
-19 -56 -44 0
-7 -74 63 0
24 -19 40 0
42 59 -71 0
-1 52 -55 0
8 -61 16 0
-29 35 -36 0
56 30 -70 0
-29 17 -50 0
-50 29 -20 0
-35 -10 -54 0
-20 -30 52 0
11 -58 -47 0
-22 63 -57 0
66 54 50 0
-63 38 -3 0
-15 57 10 0
-4 37 -71 0
1 -60 23 0
-12 31 -32 0
75 71 -13 0
-27 39 35 0
1 -14 20 0
44 16 -33 0
-52 -56 27 0
44 64 27 0
-65 13 46 0
41 23 -36 0
-41 -69 -37 0
-8 6 -21 0
-24 15 51 0
52 -25 -69 0
-16 34 -10 0
-53 44 -58 0
-59 70 -46 0
6 63 -43 0
-18 21 -2 0
57 -4 25 0
19 26 73 0
-2 -61 11 0
-56 -54 -73 0
-2 61 29 0
-41 57 -45 0
-20 -18 63 0
-71 41 29 0
-37 -65 4 0
70 -29 25 0
-68 -1 28 0
-30 -28 23 0
-49 34 -57 0
7 -63 2 0
-31 -59 -72 0
48 40 -43 0
-9 55 -62 0
-7 -48 -53 0
61 25 14 0
-70 8 -53 0
-58 60 31 0
-18 30 -55 0
35 30 -63 0
74 67 20 0
-12 11 35 0
-13 24 15 0
-71 -33 12 0
43 13 -18 0
-27 -40 -16 0
-33 -42 60 0
-43 -29 -61 0
54 -41 -63 0
73 62 -69 0
-59 36 46 0
66 -29 14 0
-11 50 -38 0
39 -30 -14 0
-46 68 -7 0
-23 -70 -9 0
-43 53 51 0
18 35 -19 0
49 -72 -59 0
69 -3 -72 0
-41 -9 62 0
-16 71 73 0
-63 -39 24 0
48 -22 -35 0
-75 58 -64 0
33 -12 14 0
71 18 48 0
3 35 -34 0
13 -39 59 0
54 16 -19 0
69 41 3 0
-54 -26 10 0
-21 -12 -27 0
35 -32 3 0
67 -66 -23 0
-39 12 18 0
24 -25 59 0
-19 -71 -45 0
-36 -24 -20 0
-67 34 27 0
12 67 39 0
-2 -4 3 0
28 -3 -73 0
47 28 -4 0
-13 42 40 0
25 45 42 0
26 37 -11 0
-61 -70 -27 0
72 61 -2 0
-1 48 52 0
-21 -14 -24 0
-66 -20 -56 0
40 -6 74 0
-64 61 -45 0
46 49 -70 0
-67 -8 50 0
-2 -41 59 0
55 -61 73 0
-23 -24 66 0
-43 -32 64 0
69 -72 48 0
74 22 19 0
63 -8 6 0
-42 -1 27 0
28 18 -24 0
21 -2 -56 0
-72 -24 -30 0
22 17 -6 0
-56 -57 45 0
75 21 34 0
-16 40 -2 0
21 16 23 0
-22 26 -52 0
52 -22 32 0
-5 43 -41 0
31 56 -68 0
-17 72 -63 0
55 25 -39 0
-30 -69 -24 0
-68 30 -53 0
-32 58 -37 0
-15 -29 -34 0
-44 30 54 0
60 58 -50 0
-5 6 -19 0
-72 -63 -40 0
32 68 26 0
71 -64 -72 0
-44 -57 10 0
-61 21 31 0
45 -56 -10 0
-18 62 57 0
-24 -32 -53 0
-46 -30 -7 0
4 -29 -32 0
35 33 16 0
39 62 -64 0
-4 -52 24 0
72 69 -59 0

c GPT solve time: 1.86 seconds

* SATISFIABLE
* Number of branches (i.e., decision points): 0
* Number of conflicts (i.e., backtracking steps): 0