c Random 3-SAT
c alpha=5.0, N=75, L=375, instance=15
p cnf 75 375
68 40 52 0
-69 -41 6 0
74 66 9 0
5 19 -38 0
-60 -39 37 0
-47 -71 -26 0
32 64 1 0
-10 46 -27 0
20 49 -13 0
-47 54 62 0
66 -64 60 0
59 -32 -24 0
-23 -28 17 0
-53 -59 -33 0
-14 -62 54 0
-57 72 58 0
16 52 -4 0
-37 -68 -63 0
-36 2 -13 0
-27 -41 63 0
49 32 3 0
24 -50 -43 0
-27 -66 52 0
48 -6 -7 0
-44 -37 31 0
-71 -67 38 0
32 71 53 0
65 24 16 0
-17 -52 -12 0
54 74 65 0
-67 -23 -17 0
36 16 50 0
14 73 63 0
16 -44 -71 0
-65 15 -68 0
-51 28 11 0
49 -65 24 0
-17 35 -39 0
-65 28 11 0
-12 3 11 0
32 46 -56 0
37 -15 -20 0
39 22 -45 0
-21 -12 -6 0
28 57 -54 0
-60 -63 68 0
-24 -53 -22 0
41 69 -50 0
-46 24 -59 0
60 -33 -14 0
27 -16 44 0
25 -57 18 0
41 21 -31 0
-51 27 58 0
-9 -15 3 0
-48 -55 -75 0
29 73 21 0
-68 51 -13 0
3 -71 18 0
40 -46 -8 0
-68 54 -26 0
4 40 72 0
-31 -20 -21 0
-26 70 30 0
6 -27 -46 0
14 -52 -43 0
40 72 44 0
-12 66 -2 0
-58 -14 61 0
23 -29 3 0
-38 13 -51 0
40 -56 12 0
-74 -16 -29 0
26 -28 13 0
-37 4 22 0
44 -62 55 0
-67 -49 -74 0
-18 52 57 0
-50 -43 -75 0
-37 58 18 0
-52 -59 -3 0
71 69 -23 0
-69 -70 29 0
56 30 -9 0
60 53 27 0
70 61 -28 0
-40 58 -14 0
-22 56 41 0
-37 43 -36 0
-9 39 -18 0
11 -52 74 0
-5 -38 -14 0
6 -75 -1 0
-22 33 27 0
54 14 -34 0
57 35 74 0
42 50 -66 0
-26 -49 27 0
-73 47 -10 0
49 2 57 0
-75 51 74 0
-12 21 -47 0
-70 -29 14 0
42 51 -40 0
-48 -33 51 0
-65 -74 32 0
-54 63 -29 0
27 36 -49 0
68 -38 13 0
62 1 44 0
65 27 40 0
53 66 -62 0
25 67 59 0
69 -60 31 0
4 -67 -26 0
-42 -72 -30 0
-33 16 1 0
-17 -1 44 0
63 67 -32 0
48 15 4 0
-17 -25 -13 0
57 -47 -67 0
-23 32 42 0
68 -1 -55 0
25 -53 -10 0
-33 -37 2 0
-61 27 39 0
56 -60 51 0
22 73 71 0
22 73 64 0
29 38 60 0
60 -42 1 0
-54 -61 -18 0
59 4 49 0
-41 -69 44 0
34 -30 -24 0
2 9 -25 0
-12 40 63 0
66 35 57 0
72 40 33 0
-26 -24 60 0
-7 -47 -39 0
-56 -74 36 0
1 -47 30 0
21 -40 -14 0
44 52 48 0
31 46 -43 0
-54 25 4 0
19 -1 -4 0
41 -66 -19 0
40 56 5 0
53 58 -30 0
2 38 -66 0
38 -22 37 0
49 -29 4 0
-62 33 29 0
67 -68 -40 0
17 -57 -24 0
-28 -27 72 0
-9 -73 -4 0
-73 39 23 0
10 47 -1 0
27 49 58 0
33 74 63 0
-68 26 67 0
27 53 16 0
-55 63 -22 0
23 24 -70 0
31 16 -49 0
21 -10 -35 0
6 -10 58 0
-39 -15 -57 0
20 -32 51 0
3 1 -64 0
-17 59 39 0
-12 -4 49 0
56 -37 -49 0
17 -60 -39 0
-56 -15 59 0
19 -61 -39 0
-14 20 41 0
61 46 -25 0
-44 -72 -47 0
-73 -48 -50 0
56 -28 55 0
69 60 -52 0
21 28 -59 0
30 -28 46 0
60 -12 19 0
66 -39 -74 0
-2 -33 -11 0
31 -26 -22 0
-32 -36 61 0
-21 40 59 0
75 -11 48 0
51 -41 -14 0
41 57 -3 0
5 51 58 0
34 12 39 0
20 67 51 0
-55 28 -16 0
10 74 -20 0
-50 30 -71 0
-63 16 39 0
16 -67 -71 0
-14 -11 -33 0
-31 -26 65 0
58 8 3 0
-5 -9 -63 0
47 -15 63 0
58 -7 24 0
-65 1 -22 0
-10 58 -44 0
-7 -41 35 0
-58 -41 8 0
27 -6 49 0
-67 -20 49 0
-52 -14 46 0
62 -21 -65 0
-40 -44 -52 0
-45 11 -64 0
-51 4 -45 0
4 -48 -57 0
21 -26 19 0
-4 -1 -54 0
-1 29 15 0
-24 -32 6 0
52 -40 65 0
62 -4 39 0
10 -12 -9 0
-75 -49 16 0
11 -13 -43 0
70 26 -67 0
-51 12 -38 0
67 -70 74 0
47 -49 -2 0
-16 -72 30 0
20 19 -49 0
12 -30 -71 0
-56 39 49 0
-59 13 -60 0
-50 -34 12 0
-13 -7 67 0
-40 -5 39 0
-69 20 -65 0
29 32 16 0
42 -2 19 0
-22 -57 32 0
69 30 29 0
-2 -73 -40 0
-35 5 -75 0
59 29 -7 0
-51 -69 33 0
44 -14 34 0
-73 -20 -64 0
6 -28 -59 0
-42 6 -63 0
-9 20 -23 0
-57 27 23 0
-22 -27 21 0
45 27 -22 0
32 -56 -52 0
10 -43 -49 0
45 -19 8 0
47 -54 -32 0
-52 -73 1 0
-56 66 -28 0
27 60 -11 0
-2 -38 4 0
-28 -44 46 0
-17 -18 27 0
64 31 42 0
53 -11 -45 0
37 -35 -52 0
-11 -29 41 0
-3 38 -17 0
10 29 -52 0
-54 -69 55 0
51 4 63 0
-9 29 -17 0
-17 55 -53 0
-25 -34 16 0
56 25 53 0
-14 -74 -48 0
-74 25 6 0
69 4 -33 0
-40 54 48 0
-56 -8 -28 0
-73 -47 43 0
-7 -14 -72 0
-56 12 -61 0
27 21 -26 0
44 -25 59 0
-5 -35 37 0
5 74 71 0
64 -67 -40 0
-24 37 72 0
23 39 -41 0
-4 44 -72 0
-44 66 22 0
-30 33 19 0
10 -41 5 0
-15 -54 25 0
-36 22 -48 0
-16 -7 31 0
39 -29 -21 0
-28 3 47 0
-72 -42 -48 0
31 21 30 0
63 54 -23 0
-35 2 57 0
56 -16 18 0
33 -23 -72 0
-48 -70 62 0
43 41 22 0
53 70 49 0
64 44 -30 0
6 49 2 0
2 35 24 0
43 34 -38 0
-12 16 21 0
-42 64 69 0
-39 -40 -36 0
-31 -19 -12 0
-53 -21 -17 0
64 17 -32 0
-47 -33 5 0
22 -9 -68 0
-31 -61 26 0
49 17 -12 0
22 -35 50 0
-27 61 33 0
19 -35 -32 0
-20 8 -7 0
10 69 -59 0
55 -53 -46 0
-68 59 -21 0
8 5 -52 0
42 -60 11 0
41 -18 -54 0
39 -50 33 0
-16 -55 12 0
-74 -65 -61 0
-6 45 21 0
-45 -67 1 0
-30 -60 9 0
-7 24 -53 0
-60 -27 -36 0
71 60 66 0
11 49 6 0
-69 58 29 0
67 47 -57 0
53 -66 -20 0
-41 71 47 0
-28 -67 7 0
-14 63 57 0
1 -58 7 0
28 -55 19 0
-56 -36 28 0
-15 -68 -39 0
-63 67 -11 0
49 20 50 0
34 42 55 0
-32 12 28 0
19 28 26 0
63 -71 57 0
44 -69 -7 0
-36 -15 42 0
40 -6 1 0
-40 35 43 0
16 6 60 0
-31 -30 59 0
-18 -67 11 0
15 -24 7 0
-2 -58 26 0

c GPT solve time: 424.22 seconds

SATISFIABLE  
Number of branches:  6  
Number of conflicts:  3