c Random 3-SAT
c alpha=5.5, N=75, L=412, instance=3
p cnf 75 412
-1 72 -10 0
19 -6 74 0
69 -43 -49 0
13 -62 -54 0
41 24 -52 0
37 -66 53 0
-66 18 59 0
41 27 -31 0
-55 -13 -37 0
11 -37 -60 0
-16 8 -68 0
-62 3 65 0
4 -47 44 0
-56 71 -42 0
-42 -49 32 0
-46 7 -2 0
14 -55 23 0
-73 28 16 0
-23 -39 14 0
-64 71 70 0
71 -28 -21 0
27 3 -39 0
44 -35 47 0
72 -38 14 0
-36 -25 -7 0
8 72 75 0
20 -51 3 0
-66 -20 53 0
64 27 -1 0
-64 -41 16 0
8 -43 -9 0
38 40 18 0
13 3 -33 0
-68 -51 -19 0
39 -70 3 0
-15 35 -18 0
-41 -23 -70 0
48 -66 -19 0
-13 -39 65 0
59 69 -42 0
-39 14 60 0
-35 10 53 0
25 -11 -40 0
-1 38 -55 0
-6 -33 35 0
-35 46 69 0
-2 -57 58 0
64 -42 -62 0
-8 -63 2 0
-55 23 46 0
-39 -69 -59 0
63 -58 -37 0
-47 74 22 0
-34 -2 -72 0
42 22 -3 0
75 16 45 0
24 -1 41 0
19 74 -56 0
23 -46 68 0
41 -24 -5 0
3 56 66 0
13 -67 38 0
-74 10 -28 0
-65 -12 -26 0
23 -64 -69 0
-48 41 70 0
12 44 -70 0
-65 -42 50 0
-18 51 -63 0
73 -4 6 0
74 57 -36 0
17 68 35 0
63 -4 68 0
-69 23 15 0
-54 37 71 0
5 -36 -68 0
-10 -56 7 0
-19 -9 38 0
-49 -68 36 0
-8 54 -37 0
16 59 56 0
4 51 59 0
-41 -54 -9 0
-59 68 21 0
51 -45 74 0
-37 20 -30 0
-55 -2 46 0
37 -10 -34 0
44 -46 56 0
1 -50 -67 0
-15 21 39 0
-8 60 34 0
-55 71 59 0
25 -39 16 0
-73 -5 -15 0
-64 -35 -28 0
-15 17 65 0
75 -67 11 0
-24 -68 55 0
63 68 20 0
74 10 28 0
30 -60 -48 0
75 72 10 0
45 -43 65 0
41 33 -45 0
-67 -1 -37 0
-4 47 -69 0
-70 51 66 0
37 -26 42 0
31 -40 -49 0
34 -61 -53 0
4 9 39 0
-26 -47 25 0
22 58 -45 0
-59 2 57 0
11 -70 1 0
51 59 -40 0
-36 37 -7 0
-40 6 -29 0
36 66 38 0
-9 -6 38 0
-25 -31 49 0
-69 -35 9 0
36 41 -38 0
25 -57 5 0
-32 38 -2 0
11 -7 -25 0
-66 -73 -1 0
-39 -62 70 0
26 -9 -69 0
-27 -58 -5 0
22 -9 62 0
62 39 -49 0
-54 63 -39 0
71 -25 -13 0
24 42 -34 0
-52 30 25 0
-70 -13 -73 0
-19 -58 11 0
-25 -40 -27 0
-71 -25 13 0
-67 -23 50 0
-39 71 -8 0
-1 -72 -51 0
38 46 -61 0
6 -34 7 0
17 -2 -57 0
-74 33 -69 0
-63 -32 -62 0
55 -48 -59 0
23 67 -37 0
-57 -30 -11 0
-64 38 -17 0
57 3 -51 0
43 -12 -33 0
-12 54 -53 0
10 -68 72 0
7 70 -35 0
45 46 -48 0
-25 20 -44 0
-52 -33 -30 0
68 50 52 0
-73 -41 -10 0
49 -57 -46 0
-75 -48 -52 0
-28 -47 17 0
-63 -75 -41 0
-3 -43 1 0
-6 70 -35 0
-37 -64 -74 0
57 -4 71 0
41 25 73 0
-16 -72 -63 0
-31 -32 67 0
33 -50 9 0
74 -66 -41 0
15 69 18 0
15 -11 -33 0
-43 -56 70 0
69 38 -22 0
-71 -75 -30 0
-54 24 32 0
30 4 25 0
-3 -32 75 0
-38 30 68 0
-70 -41 32 0
34 -45 -22 0
-63 -39 5 0
6 13 -48 0
-25 -38 -54 0
-4 58 -60 0
-51 69 -25 0
-55 -18 64 0
30 -70 61 0
67 9 6 0
-36 58 -55 0
-42 40 28 0
-54 1 -37 0
-4 64 -58 0
32 -51 61 0
66 -31 -28 0
4 1 55 0
-33 -48 -72 0
30 -68 -24 0
17 69 -72 0
33 -30 9 0
52 -49 46 0
56 -30 -2 0
37 -32 4 0
-11 24 -41 0
-38 61 71 0
-20 27 -57 0
-35 72 40 0
28 11 -4 0
66 -6 -53 0
37 73 13 0
38 4 -15 0
2 -63 -60 0
-29 54 12 0
66 27 20 0
9 1 -43 0
-13 35 66 0
-14 6 75 0
26 -13 -38 0
40 70 55 0
23 44 27 0
-40 -25 -26 0
-69 70 -25 0
-25 -47 -11 0
31 -20 -41 0
61 35 -29 0
54 -60 -42 0
-41 11 -59 0
-4 -68 -70 0
-41 -1 -4 0
37 13 25 0
-58 -11 -19 0
-69 -7 10 0
43 10 -22 0
-56 2 43 0
-72 -55 -20 0
-41 24 -23 0
58 57 -55 0
48 10 68 0
49 -46 45 0
-9 8 -56 0
34 -10 28 0
-48 -53 58 0
-68 -53 30 0
-39 61 47 0
11 33 75 0
2 64 -1 0
14 70 52 0
73 -36 68 0
-3 69 -44 0
4 -35 43 0
74 64 5 0
8 45 40 0
71 4 14 0
-10 -19 25 0
1 15 -56 0
-1 74 4 0
39 4 58 0
71 -35 -65 0
27 42 13 0
14 -43 26 0
56 12 34 0
-67 57 -73 0
25 -14 -42 0
-55 -56 69 0
-61 -34 -32 0
21 -6 67 0
-65 -2 57 0
21 58 -59 0
21 -45 -57 0
71 -34 -15 0
-55 -1 -71 0
-44 48 -52 0
-56 59 -33 0
-36 -28 50 0
-4 9 -39 0
-70 -55 -49 0
9 -12 -34 0
73 -67 33 0
-73 -51 40 0
-22 59 -61 0
-6 74 59 0
54 42 -17 0
30 -56 53 0
-27 -44 4 0
-38 57 16 0
-55 -1 51 0
6 -5 -53 0
-5 -6 -42 0
-7 -31 11 0
58 20 4 0
26 71 47 0
66 1 -39 0
73 -56 -4 0
-54 7 73 0
-72 18 48 0
-39 -56 -4 0
-6 -8 -56 0
-45 12 -58 0
-36 34 -26 0
-46 2 39 0
-46 -15 -74 0
-75 -70 -30 0
57 2 1 0
69 51 -35 0
29 60 -21 0
32 57 43 0
61 -10 60 0
-30 -61 -59 0
-18 -23 28 0
45 -28 -24 0
30 8 40 0
-69 -40 32 0
52 54 -10 0
-69 27 -30 0
54 64 53 0
16 64 28 0
55 -58 16 0
-60 -30 -37 0
60 -42 62 0
-37 -71 -36 0
61 -29 23 0
44 34 -53 0
27 -64 -62 0
19 -9 -3 0
-4 30 25 0
-37 9 -8 0
-4 65 63 0
-50 -1 45 0
-12 18 42 0
15 -24 6 0
-3 -2 -43 0
30 -25 -58 0
72 62 7 0
-1 16 -7 0
-61 65 -64 0
67 59 71 0
-54 -12 31 0
6 60 -2 0
39 -36 -28 0
-34 14 -59 0
-4 26 27 0
2 17 -47 0
-27 16 72 0
1 -19 54 0
-60 -75 72 0
-46 31 -15 0
-70 6 -20 0
2 64 57 0
31 7 -28 0
-25 -18 -45 0
22 -13 -19 0
-37 -41 21 0
-48 59 34 0
-44 55 6 0
-74 -30 -52 0
55 60 -6 0
-36 -16 -54 0
36 25 52 0
-22 73 3 0
-12 -70 55 0
-35 33 -10 0
33 74 -36 0
-38 37 47 0
-25 -51 17 0
-61 -65 11 0
63 -33 -44 0
7 -67 -72 0
10 41 -27 0
62 52 66 0
-27 -12 -59 0
-64 -39 -28 0
45 -39 51 0
63 69 11 0
24 74 15 0
26 55 58 0
-69 -61 -6 0
-67 44 -7 0
2 -1 -37 0
-47 30 -36 0
28 -5 -60 0
60 16 75 0
6 60 24 0
-60 58 11 0
-27 8 -34 0
-23 12 -49 0
-70 -66 -54 0
-7 21 55 0
60 -29 -42 0
17 -10 24 0
17 -47 26 0
1 -27 5 0
46 21 -55 0
-15 -29 -54 0
69 -4 -54 0
-31 38 23 0
72 -19 -65 0
18 -30 -50 0
72 -60 -35 0
46 -39 -28 0
-20 -67 -69 0
-40 67 -34 0
-45 23 16 0
-28 15 -29 0
-64 -26 -4 0
-5 -3 -70 0
30 -51 72 0

c GPT solve time: 424.46 seconds

SATISFIABLE
Number of branches: 1
Number of conflicts: 0