c Random 3-SAT
c alpha=4.0, N=75, L=300, instance=16
p cnf 75 300
-25 -5 -58 0
47 64 -65 0
-60 -18 -22 0
40 21 54 0
-5 42 -35 0
75 64 -69 0
11 -71 -40 0
-72 44 -32 0
-37 -61 -40 0
-15 -33 11 0
70 -68 5 0
36 12 -8 0
15 62 56 0
34 -68 42 0
-35 24 -40 0
-62 29 -56 0
30 47 49 0
-13 21 -70 0
18 30 -44 0
-4 -75 2 0
73 -70 56 0
-69 63 55 0
61 48 22 0
-19 67 47 0
45 -4 -10 0
-74 58 13 0
31 -15 24 0
50 -14 -12 0
4 -53 36 0
71 -39 30 0
22 40 45 0
36 69 55 0
-8 -51 -30 0
-24 -31 -46 0
-39 18 -29 0
-41 -2 55 0
-52 47 -4 0
24 54 -30 0
-31 75 -17 0
-41 -6 -17 0
32 -63 33 0
38 27 -21 0
1 -46 -38 0
49 26 11 0
59 -48 -34 0
-59 -55 -12 0
-55 20 -15 0
71 -50 -32 0
-68 63 -40 0
-38 -58 22 0
-2 63 41 0
56 -75 -1 0
-2 6 -20 0
61 53 40 0
-11 52 44 0
32 -52 -9 0
67 69 18 0
-2 -50 67 0
-65 3 7 0
-31 29 24 0
-21 -7 -39 0
-71 69 -73 0
26 -31 -23 0
-74 -45 15 0
7 55 -33 0
-40 51 -42 0
50 -15 -2 0
19 1 -73 0
-39 52 27 0
-38 41 -29 0
73 -2 21 0
-7 -8 54 0
-35 64 -39 0
-29 69 56 0
10 -34 15 0
38 -24 -66 0
-44 -34 54 0
-59 -63 65 0
-22 67 -55 0
45 42 -53 0
73 -13 65 0
-6 -73 -41 0
-46 -64 43 0
41 -5 47 0
-21 26 47 0
-48 25 -57 0
10 63 -61 0
-74 -58 -50 0
1 -25 -51 0
5 65 -32 0
55 -75 -25 0
-33 9 -52 0
-10 -45 16 0
-61 -73 -65 0
45 -60 30 0
9 -14 49 0
-73 44 -40 0
28 -46 -29 0
-57 54 -65 0
-33 -56 -46 0
-25 -36 14 0
-41 -64 -50 0
51 27 49 0
45 -41 18 0
62 49 -60 0
30 54 26 0
21 -2 11 0
-67 65 -13 0
-33 1 18 0
-72 -32 -45 0
69 16 -27 0
8 -15 2 0
53 17 -41 0
-62 42 23 0
25 -29 17 0
-9 -11 1 0
7 -70 53 0
14 -42 -8 0
-54 -47 -68 0
-30 -42 26 0
-2 35 48 0
5 10 18 0
21 52 22 0
-20 -40 56 0
26 58 9 0
-5 43 -47 0
-36 -13 21 0
63 -32 -62 0
-51 -31 -30 0
-58 41 33 0
71 42 -69 0
56 -9 42 0
-70 50 -10 0
-42 59 -2 0
58 -50 34 0
73 69 61 0
-30 -53 -11 0
-47 19 -21 0
-66 -35 -62 0
26 32 -8 0
72 28 -61 0
-9 47 -71 0
-25 -28 50 0
1 -23 45 0
-40 -18 -55 0
-33 -11 2 0
-33 -53 -74 0
-26 10 20 0
-71 6 -43 0
50 46 -49 0
-73 -36 72 0
29 -65 17 0
-62 69 -31 0
-9 40 -53 0
-26 -9 61 0
-1 -38 -34 0
-54 43 -11 0
29 -25 40 0
-18 -58 75 0
-61 27 -33 0
-17 47 50 0
49 -22 -8 0
-9 -42 -27 0
-39 11 51 0
50 19 -67 0
50 40 72 0
62 40 -55 0
36 -16 40 0
-68 23 73 0
-72 74 -68 0
-21 -29 -40 0
6 -52 -65 0
7 -44 -35 0
-47 -71 -73 0
-55 -9 11 0
8 6 -62 0
-28 -70 -23 0
36 -69 -46 0
13 10 52 0
-19 -47 -21 0
-41 54 -3 0
32 -68 -58 0
39 -40 46 0
67 52 -36 0
-54 40 8 0
64 -7 -9 0
-30 41 -54 0
-5 75 22 0
41 16 -49 0
-71 49 -33 0
65 -29 69 0
-27 57 -11 0
-14 -21 -61 0
-45 32 35 0
-4 -35 63 0
65 43 59 0
-40 -21 50 0
38 60 25 0
28 -5 -68 0
74 75 -31 0
-11 -72 -53 0
-52 75 -69 0
-15 -66 -29 0
43 -15 -27 0
-53 -59 45 0
10 59 -16 0
66 -60 27 0
4 -1 -28 0
-70 -56 27 0
-68 65 73 0
6 36 19 0
-8 -5 63 0
-19 39 -8 0
-68 59 71 0
62 -36 -19 0
-27 8 -5 0
-72 -26 69 0
-13 1 -74 0
1 55 -8 0
-71 63 -45 0
-61 -23 39 0
36 -17 43 0
-16 32 56 0
13 -17 16 0
67 -22 -27 0
-74 23 63 0
-40 -44 -18 0
74 50 24 0
5 -27 18 0
33 -64 69 0
71 -21 38 0
74 24 -52 0
-13 26 22 0
8 -45 6 0
-60 73 75 0
22 12 -66 0
13 -41 65 0
-31 51 -22 0
-7 37 -35 0
-16 -45 21 0
69 54 -36 0
-51 30 -33 0
25 20 70 0
-59 -29 -63 0
-58 57 33 0
-66 22 -39 0
-56 29 -7 0
15 -26 -25 0
25 73 -42 0
52 32 62 0
30 16 -29 0
8 30 -33 0
-72 69 45 0
-46 -71 -53 0
-72 8 -16 0
-1 -19 55 0
27 -25 12 0
12 43 3 0
71 13 44 0
59 -16 15 0
-62 -7 -12 0
8 -28 -52 0
-27 -44 -50 0
16 -68 53 0
-33 61 30 0
11 44 10 0
-3 21 4 0
-48 41 67 0
11 65 35 0
39 -58 64 0
-4 -37 63 0
5 -45 -39 0
18 -58 -46 0
1 36 -39 0
13 -35 -52 0
6 -27 -10 0
29 -51 -20 0
49 38 25 0
28 -34 -18 0
66 21 -56 0
9 -56 49 0
-74 -17 -60 0
1 -24 37 0
30 -35 65 0
8 -61 54 0
-51 24 29 0
70 -39 31 0
-22 56 -53 0
56 38 -14 0
5 -11 -30 0
-49 -54 -12 0
74 38 -55 0
-57 -35 -10 0
60 62 -37 0
75 32 70 0
36 -41 50 0
-48 -28 -70 0
47 -58 -48 0
-30 -18 34 0
-66 -63 7 0

c GPT solve time: 20.96 seconds

SATISFIABLE
Branches: 1
Conflicts: 0