c Random 3-SAT
c alpha=5.5, N=75, L=412, instance=20
p cnf 75 412
72 47 -4 0
14 -61 53 0
23 27 35 0
-21 43 2 0
34 61 -12 0
11 -42 -66 0
-8 53 -48 0
20 -25 -45 0
-52 -55 -16 0
72 -4 -61 0
-35 41 3 0
56 51 -2 0
35 67 23 0
-3 -6 -48 0
74 37 -21 0
42 -11 -1 0
-7 -47 -59 0
-73 -41 -59 0
-74 -66 -51 0
-42 -71 -37 0
48 17 -39 0
-15 3 -6 0
64 -28 -4 0
-6 61 46 0
-18 35 -8 0
-38 -62 20 0
2 -35 -19 0
-34 48 72 0
-30 -32 58 0
20 9 34 0
-47 68 -15 0
18 -17 -58 0
42 -25 6 0
10 -59 72 0
-69 44 51 0
20 -11 -2 0
51 -21 -63 0
56 25 9 0
20 -14 -75 0
-5 11 61 0
65 -72 -16 0
10 43 -7 0
-5 -69 -30 0
-52 -38 -72 0
-70 52 -16 0
-42 -32 68 0
61 -57 12 0
19 20 -60 0
22 -57 -73 0
-40 21 62 0
-72 2 68 0
-51 -60 -20 0
-12 -50 55 0
-15 51 45 0
-15 -13 -29 0
74 -26 -43 0
31 -34 27 0
37 52 -68 0
-27 50 10 0
-26 -55 18 0
-73 12 68 0
-54 -16 62 0
62 40 -60 0
-54 57 -2 0
-15 17 24 0
39 45 11 0
-23 -11 4 0
55 -64 -37 0
33 -17 -38 0
20 -65 -25 0
1 -70 23 0
1 -30 -10 0
-71 66 -30 0
-61 -22 19 0
-61 21 43 0
-52 20 62 0
71 67 62 0
62 71 35 0
-14 68 66 0
27 -36 -25 0
-32 29 -66 0
38 -58 -52 0
-12 32 -60 0
-47 -75 -31 0
68 -41 72 0
30 -31 15 0
12 60 32 0
-12 -5 1 0
-63 -62 5 0
-8 -2 -27 0
-37 19 51 0
-72 -30 7 0
46 -31 -52 0
71 14 72 0
-33 -71 3 0
-34 14 54 0
34 26 -66 0
40 52 44 0
-17 -73 -33 0
-12 -17 -43 0
55 -14 -74 0
-65 -51 -9 0
-6 -1 29 0
-55 -10 59 0
50 33 46 0
-16 35 13 0
-51 10 -33 0
-25 20 74 0
-41 -16 -7 0
61 9 75 0
-31 -18 -27 0
-43 -64 52 0
9 -23 74 0
42 -9 -12 0
74 -10 3 0
-13 23 -30 0
-35 19 -63 0
-34 13 31 0
56 -29 12 0
28 62 44 0
43 -57 28 0
64 73 12 0
37 33 -8 0
-66 40 67 0
65 -68 51 0
18 -16 -9 0
-53 10 13 0
9 -48 -63 0
38 -47 -5 0
-64 -75 55 0
-9 -32 37 0
-34 8 52 0
-57 29 -71 0
63 -59 -6 0
-36 -55 37 0
29 -40 -34 0
-55 50 45 0
-65 -31 -40 0
35 24 7 0
-1 44 -6 0
43 -42 64 0
-48 58 22 0
-67 -50 29 0
36 72 9 0
50 36 27 0
-27 -20 5 0
-7 -24 74 0
-11 -68 61 0
70 30 -53 0
59 26 -38 0
-73 18 -29 0
-8 -23 75 0
-57 61 -51 0
47 -54 -36 0
-55 12 53 0
13 -21 60 0
-64 -68 23 0
-24 -45 -59 0
39 -38 54 0
-37 52 69 0
67 -61 25 0
-36 69 -5 0
-8 55 54 0
54 40 -2 0
-10 -24 -44 0
31 3 65 0
6 -72 -70 0
9 2 -60 0
-57 19 2 0
-25 -37 -44 0
-30 -13 16 0
-1 65 -47 0
-51 20 -38 0
18 -64 -69 0
18 -34 22 0
-44 -30 -18 0
35 1 14 0
40 72 53 0
69 -46 70 0
-64 16 -56 0
-56 -18 -44 0
-24 -60 -40 0
-44 -1 46 0
-66 33 71 0
20 -44 -16 0
-15 75 21 0
-46 60 68 0
-74 -25 -55 0
65 -40 -29 0
72 59 69 0
-18 45 -5 0
-9 32 -74 0
58 -35 71 0
67 16 -25 0
59 -25 20 0
-21 -37 74 0
4 16 -18 0
-50 16 -61 0
35 -73 -20 0
27 28 63 0
41 -68 21 0
-12 47 46 0
13 33 64 0
-22 9 48 0
-47 -61 3 0
-50 45 -29 0
-11 54 -44 0
30 -55 -3 0
-51 1 -63 0
-27 19 -1 0
28 -33 -3 0
-46 36 -48 0
-4 -24 70 0
-20 -17 56 0
47 54 73 0
-60 55 57 0
-2 -63 -56 0
-12 -26 -65 0
-30 59 16 0
24 29 44 0
69 17 42 0
57 -39 7 0
25 53 57 0
-33 -38 -53 0
66 -16 -29 0
75 -39 -24 0
-31 44 -32 0
-38 16 -3 0
42 8 11 0
50 -43 51 0
30 -38 -75 0
17 31 -74 0
51 43 49 0
37 -47 -7 0
-64 -13 61 0
-11 62 -16 0
14 -16 -25 0
2 -63 73 0
-60 46 22 0
71 62 56 0
72 -28 73 0
34 26 72 0
-70 -9 36 0
-19 59 10 0
-61 30 69 0
-16 7 21 0
-8 -22 10 0
7 21 -18 0
6 17 11 0
66 -73 3 0
-19 16 -35 0
67 8 30 0
35 -47 -71 0
-49 -12 35 0
60 5 53 0
-30 -11 -3 0
55 74 26 0
37 -55 59 0
-4 -50 23 0
-58 67 41 0
25 64 -28 0
-24 64 -20 0
-8 62 -57 0
46 53 -36 0
-24 39 9 0
58 -69 -60 0
-13 -3 -60 0
41 56 -59 0
47 -56 3 0
9 59 20 0
-20 -38 46 0
6 52 48 0
22 -16 -27 0
18 -4 8 0
31 30 69 0
-14 -4 -50 0
28 -35 24 0
-11 57 38 0
-72 29 -44 0
-55 -46 -73 0
-7 22 14 0
52 33 1 0
-24 14 66 0
-10 12 6 0
-12 -62 7 0
-27 7 -48 0
6 -47 -55 0
51 50 16 0
-23 -1 67 0
63 -18 -46 0
56 59 -51 0
-4 21 -45 0
12 59 26 0
33 -37 -63 0
-65 -39 -15 0
-42 45 18 0
-13 -38 -45 0
-40 -3 9 0
-2 -16 35 0
63 -60 27 0
40 50 38 0
-25 -40 42 0
53 65 -75 0
71 72 28 0
21 66 4 0
-31 -52 -9 0
-51 69 -41 0
-62 -68 10 0
-68 53 -20 0
49 44 29 0
17 53 -67 0
-2 1 62 0
5 -64 25 0
-14 55 13 0
26 10 -17 0
69 33 -22 0
5 34 -67 0
64 -40 11 0
62 22 -20 0
29 61 -69 0
39 37 -13 0
46 31 -35 0
-75 -40 19 0
7 -31 -43 0
-27 -62 50 0
-71 -50 -56 0
74 -38 -45 0
-27 -67 -32 0
-28 -70 -6 0
1 -5 -60 0
-20 -38 -14 0
-43 57 21 0
-49 33 -52 0
45 9 69 0
75 22 -52 0
-4 8 27 0
-59 28 4 0
-14 -74 -38 0
28 -63 14 0
-33 -10 51 0
-64 -58 -56 0
4 -3 37 0
36 12 -37 0
-64 20 -12 0
72 61 -59 0
-47 18 24 0
-4 28 55 0
18 55 74 0
8 -48 6 0
15 -39 -21 0
-48 -59 18 0
-32 -25 -48 0
-12 73 14 0
17 64 11 0
-62 9 -57 0
-62 -40 9 0
-65 61 -6 0
-10 16 -59 0
43 -54 39 0
45 -3 43 0
-68 -14 -62 0
74 -2 -61 0
-38 25 -71 0
14 -46 -7 0
-3 -67 6 0
64 14 -58 0
-75 -41 40 0
-23 73 -56 0
16 62 72 0
-68 33 8 0
-69 -52 -36 0
38 59 -20 0
32 38 -12 0
-5 -29 -50 0
-31 61 -33 0
55 -3 -9 0
-11 61 72 0
-9 -61 -50 0
35 47 30 0
-60 -11 22 0
21 -50 -18 0
-21 42 -62 0
21 -62 -66 0
73 -71 48 0
-24 73 -47 0
-50 18 -12 0
-68 -46 62 0
-9 10 29 0
22 66 64 0
53 -59 74 0
-74 51 -2 0
38 -60 70 0
38 49 -72 0
-30 -1 -14 0
-66 -25 -33 0
75 29 22 0
-37 52 11 0
-65 48 25 0
-16 50 18 0
-23 29 65 0
-10 -49 -44 0
75 6 16 0
-4 -65 13 0
-15 -13 -56 0
38 -37 60 0
53 -9 -12 0
-12 44 66 0
9 49 50 0
29 28 -14 0
8 -48 40 0
-12 -71 9 0
-40 51 33 0

c GPT solve time: 444.02 seconds

SATISFIABLE
Number of branches:  1
Number of conflicts:  0