c Random 3-SAT
c alpha=4.0, N=75, L=300, instance=14
p cnf 75 300
65 -47 9 0
29 11 -58 0
-45 70 -31 0
-29 24 -54 0
61 -40 26 0
51 -35 32 0
15 -7 -52 0
21 -2 -38 0
60 29 57 0
-2 62 68 0
-66 32 62 0
-15 41 25 0
-9 40 33 0
-45 -28 -37 0
17 13 73 0
-61 59 66 0
62 -69 24 0
-8 41 35 0
56 -33 -66 0
24 9 56 0
58 -32 -17 0
49 -2 44 0
-46 17 66 0
-71 -48 -46 0
-6 64 67 0
-53 60 71 0
-67 -34 -35 0
-54 -59 24 0
-56 -8 52 0
-19 34 53 0
3 -4 -39 0
41 25 33 0
-41 72 23 0
21 -75 65 0
-8 -12 26 0
30 32 -55 0
-10 55 24 0
33 -24 -73 0
-37 65 7 0
-46 -28 29 0
-71 -9 29 0
47 -7 16 0
14 60 -33 0
53 -6 -59 0
-61 47 -52 0
-70 8 39 0
66 52 -14 0
19 -20 -46 0
-28 20 -2 0
-67 44 -40 0
-61 -25 -53 0
39 -38 49 0
41 -70 11 0
32 -28 -1 0
68 7 28 0
52 15 -64 0
70 -52 75 0
-35 -58 4 0
-57 -65 27 0
53 26 72 0
26 21 5 0
-73 38 -75 0
38 73 -48 0
11 22 -12 0
-66 52 1 0
-57 36 -28 0
56 -35 67 0
27 72 -65 0
-35 -69 39 0
43 -75 37 0
59 9 40 0
-62 48 19 0
-59 -3 5 0
-13 15 1 0
-73 -40 37 0
17 -52 -23 0
66 -62 17 0
-10 4 30 0
-6 3 16 0
57 -44 -32 0
-38 -33 40 0
56 65 62 0
-4 -14 -75 0
-8 41 -56 0
-2 67 -31 0
39 6 64 0
-51 -73 21 0
64 21 62 0
49 8 -13 0
-19 8 -46 0
-75 8 -18 0
2 -57 21 0
-9 -2 -47 0
-10 2 -29 0
-46 -10 -25 0
1 -64 -65 0
-9 52 -63 0
74 -53 -10 0
-66 68 -3 0
-32 71 60 0
-66 39 23 0
40 -11 73 0
39 -27 -12 0
16 -39 19 0
10 36 -43 0
18 11 29 0
-69 -27 48 0
15 54 38 0
19 -50 52 0
-61 59 -35 0
45 59 3 0
33 30 -19 0
22 -63 7 0
1 -72 -38 0
39 32 -1 0
56 -68 58 0
45 37 -23 0
-37 63 -49 0
-71 73 -53 0
60 53 21 0
56 15 14 0
11 -46 -35 0
-58 66 -35 0
12 -58 -30 0
-42 8 -5 0
-67 31 -35 0
53 12 15 0
-4 -5 75 0
62 69 5 0
-17 55 21 0
-11 -63 -34 0
-41 -55 61 0
-11 -36 24 0
27 23 -13 0
10 -4 -36 0
-71 63 -57 0
-75 -48 -62 0
33 -72 14 0
-16 -21 31 0
17 -27 68 0
-12 -72 -73 0
72 54 -73 0
-36 37 -61 0
24 -40 51 0
6 34 13 0
-10 -32 -8 0
-28 -41 -29 0
-18 1 8 0
33 -27 -3 0
44 31 -38 0
30 -19 -28 0
-50 1 -20 0
-70 -36 49 0
27 -70 -2 0
53 2 -60 0
56 5 -24 0
-42 -23 -46 0
25 10 56 0
71 64 -51 0
70 4 -54 0
-48 67 61 0
62 22 49 0
42 -10 -30 0
-13 30 7 0
-62 -74 36 0
-32 19 5 0
-67 47 -75 0
-61 -8 -11 0
-60 -22 38 0
-12 -1 -23 0
-73 -10 -26 0
-28 -26 -24 0
46 73 14 0
39 -47 -19 0
-13 20 -52 0
16 10 38 0
-62 10 -1 0
-5 36 18 0
66 -73 67 0
66 -65 -45 0
73 71 -56 0
-7 19 -3 0
9 -41 -60 0
27 -30 41 0
11 -75 15 0
-49 -68 -36 0
3 63 -5 0
-24 -1 -71 0
36 -16 -31 0
50 -65 40 0
13 -60 -61 0
62 -36 -58 0
28 29 -68 0
24 14 -16 0
-10 4 -36 0
48 34 -28 0
71 42 11 0
68 -7 6 0
38 -2 33 0
28 24 -17 0
-12 -33 11 0
54 -51 -29 0
48 18 37 0
67 -3 20 0
-20 74 29 0
-21 -61 64 0
25 34 72 0
69 14 -59 0
-28 -8 -43 0
5 75 22 0
62 -27 25 0
-44 -15 -35 0
-66 10 50 0
-17 -4 -2 0
-35 -40 -69 0
-70 -21 -73 0
50 5 -56 0
25 44 7 0
48 -36 46 0
11 -17 6 0
8 -14 65 0
5 32 4 0
-51 -12 73 0
-36 -22 27 0
21 44 40 0
-59 -73 -17 0
16 -65 -75 0
-13 -66 -7 0
53 50 39 0
39 -72 -58 0
-26 5 -70 0
17 -1 -64 0
-63 -8 30 0
-48 -66 60 0
23 -13 35 0
-10 59 -63 0
37 -41 -31 0
-6 32 -20 0
37 -18 -24 0
46 51 -53 0
-47 18 63 0
-34 -64 36 0
-22 62 28 0
57 -13 -58 0
-55 33 -10 0
21 14 -70 0
13 -8 -6 0
-31 -2 52 0
-51 -57 56 0
28 13 -45 0
-23 -59 -75 0
-5 16 -30 0
16 49 -72 0
-36 33 -14 0
3 -38 -62 0
61 8 4 0
-41 -1 26 0
-18 -26 -51 0
-71 -46 -65 0
-6 47 -53 0
66 -7 25 0
58 32 -10 0
56 -32 -63 0
-66 55 14 0
71 -70 -72 0
30 -27 -28 0
30 24 43 0
-54 62 71 0
-64 21 15 0
9 42 -67 0
22 14 -30 0
52 35 36 0
13 -44 -42 0
-20 -59 34 0
69 -25 -6 0
66 -44 51 0
-5 -23 43 0
-67 -52 17 0
-23 74 -63 0
72 7 42 0
-28 -70 72 0
-24 -59 -73 0
-39 -2 10 0
10 -41 48 0
-74 -4 -28 0
60 8 -24 0
-28 73 -32 0
-53 23 65 0
11 -24 54 0
30 72 -41 0
53 -9 -42 0
-16 44 -5 0
-32 -24 20 0
-40 19 -48 0
-1 -32 -5 0
11 15 -61 0
48 32 -37 0
72 13 -56 0
73 -60 -11 0
72 -23 -12 0

c GPT solve time: 20.77 seconds

SATISFIABLE  
Number of branches: 1  
Number of conflicts: 0