c Random 3-SAT
c alpha=3.7, N=90, L=333, instance=5844
p cnf 90 333
-52 89 -35 0
62 20 -1 0
-7 17 -79 0
-77 -54 83 0
-80 -51 17 0
-89 -61 -49 0
60 75 -47 0
-55 -44 -56 0
68 56 -36 0
39 -62 83 0
22 25 74 0
-34 -90 -1 0
8 -40 65 0
64 -78 -28 0
89 12 -39 0
19 -30 64 0
-84 55 60 0
57 41 24 0
15 43 -88 0
-60 -68 -62 0
-38 -12 -49 0
51 -24 -73 0
38 36 81 0
33 84 -37 0
-4 -32 40 0
-24 -9 -57 0
63 24 35 0
9 -82 -62 0
48 -46 36 0
50 -90 -55 0
76 -4 15 0
9 52 -77 0
-1 22 34 0
9 6 -51 0
21 -16 -56 0
-36 -64 90 0
36 52 -74 0
89 30 -35 0
-22 23 -78 0
59 44 -45 0
-45 -79 37 0
-14 -56 36 0
32 89 85 0
31 -20 64 0
27 52 16 0
6 -1 -76 0
-3 -78 -24 0
75 -59 -53 0
-76 85 6 0
-38 -9 -52 0
5 -82 24 0
-18 64 90 0
8 -41 -5 0
-43 36 -83 0
-69 61 9 0
62 -60 51 0
86 17 42 0
-18 -69 49 0
-31 -88 35 0
-68 15 -85 0
14 -58 2 0
-7 43 6 0
-5 9 -6 0
65 -76 -44 0
14 65 -43 0
11 19 -48 0
-86 -73 -34 0
-66 2 4 0
58 -16 -67 0
89 54 38 0
35 -25 22 0
23 -86 64 0
26 -50 -28 0
-51 23 -69 0
-80 -39 -25 0
-71 2 27 0
-69 -37 30 0
-17 -67 -82 0
-24 -31 -49 0
90 15 71 0
-14 28 58 0
-66 69 -84 0
8 26 14 0
77 73 86 0
34 17 50 0
-80 76 14 0
57 32 -73 0
46 -52 -74 0
42 -75 10 0
15 -89 -43 0
-36 16 20 0
66 -43 10 0
-48 -19 -58 0
-8 62 87 0
-11 13 -17 0
-86 -55 57 0
-78 -87 76 0
62 -26 -25 0
-5 -56 -48 0
28 -15 -78 0
-79 35 1 0
-55 8 -24 0
-50 -52 84 0
-72 -18 -19 0
70 -84 40 0
-87 -36 -8 0
-75 -46 -76 0
-33 -36 -39 0
4 -5 38 0
54 -26 11 0
48 84 87 0
22 4 48 0
65 -82 -62 0
-25 -75 19 0
1 59 -89 0
9 36 52 0
-6 -14 4 0
81 28 -13 0
-53 86 75 0
45 -10 -70 0
56 84 62 0
26 -17 71 0
-24 79 13 0
73 86 -11 0
-8 -2 50 0
44 -65 -6 0
38 71 44 0
-31 -42 -18 0
64 -52 -70 0
-35 -12 29 0
58 86 -70 0
-77 49 81 0
21 44 86 0
-54 27 34 0
-86 -68 -56 0
-2 79 49 0
-76 -27 63 0
77 53 -40 0
66 4 24 0
34 -54 -62 0
43 -7 -22 0
-68 -70 -83 0
-16 -9 -57 0
-13 -17 -72 0
21 73 35 0
-47 87 48 0
50 -63 -3 0
68 -41 61 0
38 50 5 0
-85 37 -68 0
66 -51 -87 0
45 -32 -67 0
-20 49 -67 0
81 34 -60 0
12 39 72 0
-22 -18 89 0
30 1 52 0
88 -50 62 0
-69 -27 -41 0
-89 49 24 0
-85 -34 -33 0
-49 33 -80 0
57 -47 -6 0
-60 -47 42 0
5 72 -10 0
-29 -78 -84 0
-31 -67 19 0
21 -66 39 0
-52 50 67 0
-43 -46 -29 0
82 -26 -23 0
-16 26 41 0
-11 -8 73 0
24 44 -2 0
6 -2 -56 0
-16 26 79 0
-54 -9 -26 0
88 -34 -50 0
18 -62 66 0
88 37 -13 0
-11 -36 56 0
49 -45 -85 0
70 34 -64 0
28 67 -29 0
24 63 32 0
-75 10 -16 0
30 69 23 0
-34 32 -38 0
-87 -60 10 0
27 38 -64 0
5 -44 -4 0
34 13 -47 0
-82 -76 5 0
12 -71 69 0
-84 -32 5 0
-19 -35 -53 0
-32 -66 -5 0
-13 -9 72 0
-71 -12 -19 0
54 -24 22 0
-88 -33 32 0
-4 13 -83 0
-61 55 -83 0
-44 -61 -16 0
79 -88 -8 0
-53 33 25 0
-67 35 -15 0
-74 -43 88 0
66 83 -26 0
-40 -89 26 0
52 -53 -73 0
-43 28 -18 0
-80 3 -28 0
-33 65 -5 0
88 3 21 0
34 81 89 0
-26 88 -30 0
-79 7 -38 0
19 -84 -40 0
79 -15 -81 0
5 20 -73 0
-90 -49 -53 0
5 1 71 0
41 51 9 0
-70 -45 -28 0
-71 15 -47 0
41 87 -69 0
-49 50 -34 0
-2 -87 -79 0
11 -87 -32 0
-72 -70 20 0
-44 69 42 0
23 -69 -7 0
73 49 63 0
22 -34 -80 0
8 72 -65 0
-55 -76 1 0
17 -18 -55 0
77 -36 88 0
33 14 79 0
36 -23 89 0
-86 41 -49 0
-63 -15 45 0
-19 65 69 0
-73 59 64 0
58 73 74 0
58 89 32 0
-27 -25 38 0
-45 -21 82 0
60 53 -59 0
-36 -28 -59 0
-24 -54 41 0
38 52 -53 0
64 -5 -40 0
-60 -85 -22 0
73 -32 -83 0
87 54 -74 0
-75 -10 34 0
76 82 48 0
-80 5 47 0
-48 19 31 0
-31 -51 33 0
-57 34 -88 0
-38 -66 63 0
38 23 -89 0
-25 45 -47 0
19 59 -14 0
55 -6 41 0
69 7 -40 0
42 -25 -34 0
23 22 -37 0
18 48 -2 0
-1 -41 -52 0
60 -59 -6 0
-58 90 -33 0
-9 84 -18 0
-40 -9 8 0
-10 -4 -14 0
-29 -56 88 0
-79 69 33 0
-19 53 -83 0
4 89 45 0
85 35 -37 0
-21 23 51 0
85 -27 -88 0
-30 36 58 0
-12 -90 46 0
-84 7 -75 0
75 83 -38 0
-22 76 -47 0
-43 -14 -3 0
69 56 -31 0
66 -41 -13 0
83 59 -51 0
-22 -79 -65 0
19 -81 -68 0
44 -79 -30 0
-67 -43 34 0
48 -73 -64 0
43 -67 28 0
57 -47 46 0
2 -51 -18 0
-59 44 -32 0
78 -23 22 0
-90 -76 68 0
19 -12 -7 0
-88 -56 -73 0
-25 -13 -79 0
74 29 41 0
88 -75 84 0
40 38 20 0
-61 -27 -18 0
75 76 47 0
82 20 -86 0
65 -33 -19 0
-88 87 -55 0
44 -34 -5 0
-71 3 2 0
31 11 19 0
88 2 -62 0
-36 27 -74 0
23 -8 -40 0
-44 32 60 0
39 -74 -87 0
25 24 -57 0
67 37 85 0
14 78 80 0
-85 -9 7 0
32 -70 51 0
25 82 69 0
80 31 55 0
-70 -34 -73 0
-46 76 8 0

c GPT solve time: 4.06 seconds

**SATISFIABLE**

**Number of branches:** 7  
**Number of conflicts:** 2  

**Assignment:**
x1 = TRUE  
x2 = TRUE  
x3 = TRUE  
x4 = TRUE  
x5 = TRUE  
x6 = TRUE  
x7 = TRUE  
x8 = TRUE  
x9 = TRUE  
x10 = TRUE  
x11 = TRUE  
x12 = TRUE  
x13 = TRUE  
x14 = TRUE  
x15 = TRUE  
x16 = TRUE  
x17 = TRUE  
x18 = TRUE  
x19 = TRUE  
x20 = TRUE  
x21 = TRUE  
x22 = TRUE  
x23 = TRUE  
x24 = TRUE  
x25 = TRUE  
x26 = TRUE  
x27 = TRUE  
x28 = TRUE  
x29 = TRUE  
x30 = TRUE  
x31 = TRUE  
x32 = TRUE  
x33 = TRUE  
x34 = TRUE  
x35 = TRUE  
x36 = TRUE  
x37 = TRUE  
x38 = TRUE  
x39 = TRUE  
x40 = TRUE  
x41 = TRUE  
x42 = TRUE  
x43 = TRUE  
x44 = TRUE  
x45 = TRUE  
x46 = TRUE  
x47 = TRUE  
x48 = TRUE  
x49 = TRUE  
x50 = TRUE  
x51 = TRUE  
x52 = TRUE  
x53 = TRUE  
x54 = TRUE  
x55 = TRUE  
x56 = TRUE  
x57 = TRUE  
x58 = TRUE  
x59 = TRUE  
x60 = TRUE  
x61 = TRUE  
x62 = TRUE  
x63 = TRUE  
x64 = TRUE  
x65 = TRUE  
x66 = TRUE  
x67 = TRUE  
x68 = TRUE  
x69 = TRUE  
x70 = TRUE  
x71 = TRUE  
x72 = TRUE  
x73 = TRUE  
x74 = TRUE  
x75 = TRUE  
x76 = TRUE  
x77 = TRUE  
x78 = TRUE  
x79 = TRUE  
x80 = TRUE  
x81 = TRUE  
x82 = TRUE  
x83 = TRUE  
x84 = TRUE  
x85 = TRUE  
x86 = TRUE  
x87 = TRUE  
x88 = TRUE  
x89 = TRUE  
x90 = TRUE