c Random 3-SAT
c alpha=3.5, N=70, L=245, instance=4364
p cnf 70 245
-38 -42 59 0
-17 19 -53 0
35 15 -45 0
-60 70 -15 0
-70 47 -35 0
48 55 -16 0
-34 -66 -50 0
-34 -48 57 0
49 -8 -64 0
-17 -62 -31 0
66 46 14 0
-23 6 -53 0
54 -12 -5 0
61 27 -24 0
-28 -2 53 0
33 -30 29 0
61 45 -41 0
-25 -34 48 0
-13 19 -58 0
56 -68 -13 0
9 -56 16 0
-14 -15 45 0
-30 -64 21 0
41 -6 65 0
-42 62 -40 0
60 18 8 0
-40 -22 -45 0
47 -9 61 0
-38 6 -22 0
49 54 31 0
-11 8 -46 0
-70 -38 13 0
42 -18 25 0
47 23 -28 0
-14 23 33 0
-47 19 17 0
6 -46 65 0
41 21 70 0
-66 13 44 0
-13 -3 49 0
26 -30 24 0
66 41 7 0
-21 13 43 0
-68 -23 17 0
-12 13 -15 0
-42 -27 64 0
24 66 -41 0
-7 32 -65 0
45 47 5 0
47 57 9 0
-23 9 -32 0
22 25 -45 0
-16 -15 66 0
-16 37 44 0
37 -17 1 0
-47 13 -50 0
14 39 -65 0
16 28 46 0
4 -22 26 0
-29 43 59 0
-67 35 -64 0
-29 -62 22 0
37 33 36 0
-48 53 -37 0
8 -22 -5 0
50 -65 -53 0
-56 27 -59 0
-23 -24 60 0
-58 4 67 0
-43 -51 28 0
33 53 -57 0
-70 20 56 0
57 -51 -35 0
-25 38 12 0
-47 -26 27 0
-20 -63 26 0
70 51 -65 0
50 -44 37 0
-31 27 -4 0
-49 10 -39 0
-47 12 -43 0
42 21 13 0
-67 -15 57 0
10 -35 -37 0
-65 -16 70 0
-62 -38 -8 0
29 35 -55 0
14 -18 -47 0
67 -50 -3 0
14 -44 -9 0
-4 -41 -43 0
35 37 19 0
48 18 21 0
1 7 -42 0
30 39 -8 0
-40 -16 -25 0
-3 -19 69 0
-13 -7 3 0
-20 -39 -11 0
-55 45 -8 0
-7 -34 -12 0
-12 -46 40 0
42 -41 -24 0
46 3 35 0
57 -43 -21 0
47 12 -20 0
58 -24 11 0
-10 60 -42 0
-61 5 43 0
-36 43 -28 0
39 65 54 0
-1 -64 54 0
63 40 50 0
28 -1 41 0
23 -5 16 0
14 6 -58 0
-16 -4 -5 0
36 -46 -32 0
6 -13 -20 0
-60 57 2 0
-12 -31 -42 0
-47 54 -60 0
-14 -44 -61 0
-57 29 -46 0
-29 -18 60 0
-37 -14 -31 0
-35 -65 21 0
62 32 -33 0
-18 -22 -38 0
8 -31 -3 0
-19 18 11 0
2 -29 -48 0
57 -18 -3 0
59 -69 36 0
67 -47 -17 0
-56 10 -57 0
-2 62 -4 0
-59 60 -63 0
27 28 -57 0
34 39 -69 0
27 -2 -23 0
30 32 27 0
70 58 -65 0
38 -43 -10 0
67 29 69 0
60 -35 37 0
-70 -40 44 0
-3 13 -41 0
-59 5 40 0
52 31 21 0
-15 -70 -4 0
34 -21 -41 0
63 4 35 0
23 -2 68 0
31 15 -9 0
43 61 40 0
-28 3 1 0
42 -66 24 0
-48 59 41 0
-48 -67 6 0
31 18 -68 0
5 51 55 0
-14 60 -28 0
-36 -60 55 0
-27 -37 5 0
64 8 -7 0
-26 -2 19 0
-67 22 37 0
48 -21 33 0
5 -19 -59 0
32 47 -36 0
62 28 -17 0
-10 -30 32 0
-5 -28 -8 0
-62 41 -19 0
-52 15 65 0
-68 -33 24 0
-35 55 63 0
-40 70 18 0
-24 -49 -20 0
-40 38 6 0
33 18 41 0
-43 46 -67 0
-63 -44 18 0
-13 43 -47 0
1 -7 25 0
5 46 26 0
41 -57 -37 0
-11 43 1 0
67 29 31 0
-8 -55 -43 0
34 -33 22 0
35 -68 -44 0
18 22 38 0
6 -30 65 0
-15 -18 29 0
-36 -68 59 0
40 7 -67 0
-70 62 68 0
-58 17 64 0
56 8 -45 0
49 15 -62 0
-61 -1 38 0
-44 23 25 0
-22 64 -21 0
-9 -48 68 0
-4 44 16 0
-12 -17 59 0
31 57 -62 0
-48 -14 -3 0
-4 -18 7 0
-56 -18 12 0
57 64 -19 0
-52 -13 -69 0
11 -50 -16 0
-37 69 64 0
-20 -59 -7 0
-11 -46 -38 0
-51 69 30 0
-15 -66 48 0
-21 63 -53 0
14 -67 -17 0
63 -51 10 0
-14 21 -57 0
61 56 -50 0
1 44 60 0
47 -66 52 0
-12 -32 41 0
-64 4 -5 0
9 54 -1 0
-46 13 20 0
55 10 19 0
-31 -17 2 0
-35 -46 20 0
-28 65 55 0
66 11 17 0
-41 -22 17 0
-52 1 19 0
-69 47 -55 0
56 -21 27 0
-17 -51 59 0
-40 -55 -17 0
-35 57 45 0
-51 -61 7 0
-5 -23 59 0

c GPT solve time: 9.67 seconds

SATISFIABLE  
Number of branches: 3  
Number of conflicts: 1  

x1 = True  
x2 = True  
x3 = False  
x4 = True  
x5 = False  
x6 = True  
x7 = False  
x8 = True  
x9 = True  
x10 = True  
x11 = True  
x12 = False  
x13 = True  
x14 = True  
x15 = False  
x16 = False  
x17 = True  
x18 = True  
x19 = True  
x20 = True  
x21 = True  
x22 = False  
x23 = True  
x24 = False  
x25 = True  
x26 = True  
x27 = True  
x28 = True  
x29 = True  
x30 = True  
x31 = True  
x32 = True  
x33 = True  
x34 = True  
x35 = True  
x36 = True  
x37 = True  
x38 = True  
x39 = True  
x40 = True  
x41 = True  
x42 = True  
x43 = True  
x44 = True  
x45 = True  
x46 = True  
x47 = True  
x48 = True  
x49 = True  
x50 = True  
x51 = True  
x52 = True  
x53 = True  
x54 = True  
x55 = True  
x56 = True  
x57 = True  
x58 = True  
x59 = True  
x60 = True  
x61 = True  
x62 = True  
x63 = True  
x64 = True  
x65 = True  
x66 = True  
x67 = True  
x68 = True  
x69 = True  
x70 = True