c Random 3-SAT
c alpha=3.7, N=50, L=185, instance=1932
p cnf 50 185
-3 -10 -21 0
-45 -23 39 0
46 45 -38 0
12 -23 -22 0
-46 5 -42 0
-16 -18 -49 0
25 -28 33 0
-47 -40 2 0
-50 31 38 0
11 49 -14 0
23 5 13 0
25 21 -47 0
-18 27 33 0
9 41 22 0
-21 3 46 0
2 -21 -10 0
-46 32 -13 0
41 11 26 0
39 -46 -45 0
12 -37 22 0
9 49 46 0
45 -44 -17 0
25 -47 -23 0
-40 49 4 0
25 -46 22 0
-5 20 1 0
-27 -19 50 0
16 -36 -34 0
47 -7 -20 0
-14 -27 -26 0
-25 -22 -26 0
-42 -16 -8 0
-2 -5 -41 0
-45 -48 12 0
28 26 25 0
-16 15 26 0
5 -33 -41 0
15 -45 -8 0
-47 11 31 0
21 -2 -49 0
-36 -19 31 0
46 -39 6 0
-48 42 7 0
-20 -43 13 0
45 10 -32 0
-11 -23 3 0
35 -28 -38 0
-35 2 33 0
5 21 -27 0
50 -40 35 0
-13 50 25 0
12 -29 -18 0
19 -50 49 0
-48 -10 26 0
-50 -11 -48 0
-12 -33 -1 0
41 -13 -47 0
46 -5 -37 0
2 18 -34 0
-24 -36 40 0
15 -24 -27 0
-11 31 38 0
-49 -35 45 0
44 48 -7 0
32 31 36 0
-15 -25 7 0
29 48 -7 0
37 -25 -31 0
-27 13 2 0
24 48 -40 0
-12 15 -27 0
-2 -6 22 0
-47 15 -39 0
22 -29 -36 0
38 -29 3 0
-42 -19 8 0
-29 -23 36 0
2 -11 28 0
-48 -37 6 0
50 -22 33 0
-4 48 -15 0
36 43 29 0
43 -13 -29 0
24 -15 -31 0
13 25 45 0
44 -8 39 0
-2 8 -12 0
-17 -5 -23 0
-3 36 47 0
-4 29 14 0
-48 -24 30 0
-5 27 -6 0
9 15 12 0
-39 -22 -11 0
-38 10 29 0
-21 19 46 0
11 -6 24 0
20 49 27 0
-23 -30 -46 0
19 31 21 0
-47 18 -14 0
-30 13 -18 0
-36 6 42 0
-31 20 -18 0
-6 34 8 0
-22 34 18 0
-3 1 -15 0
-2 -19 -34 0
-11 6 -49 0
-49 -10 -8 0
-21 -25 -15 0
10 -7 33 0
32 -35 5 0
4 24 -50 0
-29 20 15 0
18 13 -17 0
-9 -4 46 0
19 -24 -37 0
-10 9 27 0
-20 21 -45 0
-37 40 -20 0
46 -5 -47 0
-50 14 -9 0
24 9 16 0
-40 18 27 0
36 3 18 0
-46 -25 43 0
-25 -24 -40 0
-45 -46 -14 0
-35 41 44 0
1 -34 17 0
17 -47 46 0
-1 -31 -14 0
-22 -8 -19 0
-4 -38 -24 0
-18 13 -15 0
10 45 -19 0
-18 35 -45 0
-1 -40 -2 0
-46 15 19 0
20 46 -23 0
10 -7 19 0
35 47 -19 0
32 29 -37 0
-27 9 17 0
-29 25 35 0
-6 30 -18 0
25 -46 -31 0
-15 -7 -47 0
2 5 21 0
36 37 -26 0
-12 -47 -25 0
22 33 -5 0
-40 -45 -34 0
-13 28 -11 0
46 44 4 0
-50 -5 8 0
-50 -22 19 0
-9 26 49 0
11 18 -7 0
23 -48 -31 0
32 14 -9 0
-35 22 29 0
-20 -36 -28 0
47 7 3 0
48 18 -44 0
-5 -15 40 0
-30 -27 -34 0
-16 -29 43 0
5 -29 34 0
5 -37 16 0
38 -2 -9 0
-47 -38 -39 0
17 45 10 0
-24 2 42 0
-7 -28 43 0
39 34 49 0
45 16 -22 0
-36 -6 31 0
1 -21 -24 0
-3 -48 -5 0
-43 -6 16 0
-18 28 44 0
16 10 4 0
-16 -5 -42 0

c GPT solve time: 10.79 seconds

**SATISFIABLE**

**Number of branches:** 7  
**Number of conflicts:** 2  

**Assignment:**
x1 = True  
x2 = False  
x3 = True  
x4 = False  
x5 = True  
x6 = False  
x7 = False  
x8 = True  
x9 = True  
x10 = False  
x11 = True  
x12 = False  
x13 = True  
x14 = False  
x15 = True  
x16 = False  
x17 = True  
x18 = False  
x19 = True  
x20 = False  
x21 = True  
x22 = False  
x23 = False  
x24 = True  
x25 = True  
x26 = False  
x27 = True  
x28 = False  
x29 = True  
x30 = False  
x31 = True  
x32 = False  
x33 = True  
x34 = False  
x35 = True  
x36 = False  
x37 = True  
x38 = False  
x39 = True  
x40 = False  
x41 = True  
x42 = False  
x43 = True  
x44 = False  
x45 = True  
x46 = False  
x47 = True  
x48 = False  
x49 = True  
x50 = False