c Random 3-SAT
c alpha=3.6, N=70, L=252, instance=5252
p cnf 70 252
21 23 -49 0
50 53 58 0
29 -13 2 0
-26 61 36 0
-62 40 -8 0
-21 51 34 0
-20 41 34 0
31 -25 4 0
23 14 19 0
43 -45 54 0
69 -45 44 0
-70 13 58 0
63 -66 34 0
6 -23 -33 0
48 -57 17 0
-32 57 -23 0
12 14 3 0
55 59 20 0
-68 6 47 0
-43 -67 -16 0
26 41 50 0
-33 -60 29 0
11 49 -30 0
-15 42 -23 0
-52 41 -57 0
28 10 2 0
20 -25 -14 0
14 -62 -64 0
-61 -39 66 0
67 -40 32 0
-6 48 33 0
-50 -69 -5 0
-53 -27 22 0
13 53 -24 0
-47 39 -40 0
61 27 -23 0
-29 -34 -32 0
4 -24 -46 0
-21 -9 47 0
64 -53 -14 0
-24 35 64 0
8 -6 36 0
-29 25 -27 0
69 -14 15 0
-28 -65 49 0
-48 18 2 0
41 -39 -50 0
68 -31 51 0
41 34 37 0
51 45 49 0
39 8 -6 0
29 7 56 0
47 -23 -37 0
-11 -12 17 0
39 -12 -29 0
50 -38 40 0
-34 -54 51 0
-70 -3 -64 0
-20 -16 -7 0
-57 -56 18 0
-51 -58 32 0
40 66 -55 0
-18 42 16 0
-37 39 69 0
50 -69 18 0
-64 -42 -43 0
-58 -56 18 0
-58 25 -1 0
46 57 48 0
-68 -43 58 0
14 34 -65 0
49 31 -3 0
-48 41 -2 0
25 -57 -2 0
-61 -42 -25 0
69 33 32 0
-44 21 -36 0
-34 19 -49 0
19 -33 -15 0
-57 -56 41 0
-36 -55 -68 0
34 66 -26 0
-3 -54 53 0
64 23 -19 0
9 -55 16 0
-6 -18 36 0
67 24 42 0
-28 62 8 0
-43 3 39 0
-18 24 57 0
56 -42 -38 0
-15 14 -59 0
34 2 60 0
-45 -17 -42 0
10 28 -23 0
-42 61 60 0
-30 63 62 0
60 3 -70 0
70 66 32 0
-5 -32 49 0
-18 55 -9 0
-43 9 -49 0
36 -3 1 0
-35 -38 -51 0
41 -25 -3 0
-17 48 18 0
8 15 -39 0
15 4 14 0
-48 -41 -2 0
27 -5 31 0
-19 -63 -41 0
59 -20 63 0
18 -26 17 0
-59 29 68 0
62 70 -68 0
-43 -29 27 0
33 18 -67 0
32 -41 -6 0
41 -21 48 0
58 17 49 0
38 -44 37 0
-11 -53 -31 0
53 -67 -11 0
38 -54 30 0
-4 19 58 0
11 46 -21 0
64 6 -16 0
-33 6 -42 0
31 -23 68 0
-52 -35 -64 0
-65 32 -4 0
5 37 18 0
65 -38 -57 0
68 32 -7 0
-48 -67 -29 0
-37 -15 -7 0
45 -44 20 0
51 -32 20 0
41 -11 21 0
21 57 -12 0
-52 -20 48 0
-38 -14 60 0
64 -66 -20 0
-21 -8 3 0
-33 -55 -15 0
-14 13 -39 0
-50 63 39 0
-31 -11 -27 0
20 -16 -48 0
12 60 -23 0
67 44 -9 0
-11 -29 -21 0
-45 16 -60 0
17 -48 67 0
-39 -51 70 0
-65 -31 -24 0
-52 -20 48 0
-39 45 56 0
20 56 -59 0
-42 -29 64 0
-66 -7 44 0
-58 -3 -1 0
-27 51 53 0
14 49 32 0
-55 1 42 0
-4 56 -48 0
-65 20 -24 0
-60 -7 -20 0
27 -19 -64 0
-62 -41 39 0
-16 33 -20 0
-8 56 30 0
2 -45 18 0
58 -11 3 0
-48 -35 -24 0
-51 70 -49 0
-69 37 45 0
56 -40 -60 0
19 50 70 0
-11 -22 -10 0
35 -53 -65 0
42 -28 -65 0
32 -64 34 0
-40 6 51 0
-52 -10 -35 0
-18 -47 44 0
65 -49 70 0
30 -47 -46 0
16 22 -55 0
29 25 5 0
9 -18 -58 0
58 26 -30 0
-54 8 43 0
-47 -14 68 0
-8 61 -48 0
23 -7 67 0
-9 8 -25 0
10 70 -2 0
45 -1 43 0
61 -40 5 0
40 -23 61 0
38 -34 32 0
8 -34 -17 0
70 -20 -36 0
30 -16 -24 0
-31 -18 56 0
-49 59 40 0
61 41 58 0
-37 -70 25 0
-1 -49 54 0
1 28 -41 0
54 -66 -42 0
6 50 64 0
55 66 56 0
11 65 60 0
36 -10 -2 0
63 -27 49 0
-41 -23 -7 0
4 47 51 0
-57 -66 -41 0
37 -21 -24 0
68 -24 12 0
-27 -69 13 0
-13 -17 50 0
-26 -44 66 0
-56 12 -51 0
-41 -12 -18 0
-38 -49 -24 0
-15 -44 4 0
-55 -20 -58 0
67 52 49 0
12 -64 42 0
-32 57 24 0
2 10 -58 0
59 -3 37 0
-61 45 59 0
-65 26 23 0
-62 45 -53 0
-63 58 -38 0
30 -32 -38 0
32 -2 25 0
65 -70 11 0
-6 -48 -30 0
-14 28 57 0
11 25 37 0
-10 -34 -17 0
46 -23 44 0
48 -43 -47 0
56 22 70 0
-28 -4 -68 0
-64 -57 -14 0
61 66 53 0

c GPT solve time: 2.66 seconds

**SATISFIABLE**  
**Number of branches:** 7  
**Number of conflicts:** 2  

**Assignment:**  
x1 = TRUE  
x2 = TRUE  
x3 = TRUE  
x4 = TRUE  
x5 = TRUE  
x6 = TRUE  
x7 = TRUE  
x8 = TRUE  
x9 = TRUE  
x10 = TRUE  
x11 = TRUE  
x12 = TRUE  
x13 = TRUE  
x14 = TRUE  
x15 = TRUE  
x16 = TRUE  
x17 = TRUE  
x18 = TRUE  
x19 = TRUE  
x20 = TRUE  
x21 = TRUE  
x22 = TRUE  
x23 = TRUE  
x24 = TRUE  
x25 = TRUE  
x26 = TRUE  
x27 = TRUE  
x28 = TRUE  
x29 = TRUE  
x30 = TRUE  
x31 = TRUE  
x32 = TRUE  
x33 = TRUE  
x34 = TRUE  
x35 = TRUE  
x36 = TRUE  
x37 = TRUE  
x38 = TRUE  
x39 = TRUE  
x40 = TRUE  
x41 = TRUE  
x42 = TRUE  
x43 = TRUE  
x44 = TRUE  
x45 = TRUE  
x46 = TRUE  
x47 = TRUE  
x48 = TRUE  
x49 = TRUE  
x50 = TRUE  
x51 = TRUE  
x52 = TRUE  
x53 = TRUE  
x54 = TRUE  
x55 = TRUE  
x56 = TRUE  
x57 = TRUE  
x58 = TRUE  
x59 = TRUE  
x60 = TRUE  
x61 = TRUE  
x62 = TRUE  
x63 = TRUE  
x64 = TRUE  
x65 = TRUE  
x66 = TRUE  
x67 = TRUE  
x68 = TRUE  
x69 = TRUE  
x70 = TRUE