c Random 3-SAT
c alpha=3.6, N=80, L=288, instance=1119
p cnf 80 288
68 -11 1 0
52 -2 13 0
6 -79 -57 0
-45 -65 77 0
-55 -5 -77 0
32 68 8 0
-43 13 -33 0
-72 -55 5 0
-43 -2 -6 0
11 -72 -63 0
-34 -70 -50 0
-42 72 -31 0
-37 16 73 0
5 -39 41 0
-10 -64 38 0
40 11 -14 0
-64 -1 61 0
-16 -51 3 0
79 -62 -44 0
46 47 7 0
-19 34 23 0
-32 -30 -50 0
-43 55 -14 0
13 -31 -66 0
-79 24 65 0
-23 -60 -68 0
-61 -38 51 0
-36 -56 63 0
69 -28 17 0
51 -16 45 0
-23 -60 -71 0
10 11 49 0
57 16 70 0
76 4 16 0
-31 74 76 0
-51 49 80 0
-10 79 -39 0
-65 -14 -11 0
41 19 12 0
-69 -7 39 0
-48 -9 2 0
-61 -25 -13 0
-50 -75 -35 0
-9 -48 -52 0
-7 28 -20 0
-7 -59 -19 0
-46 67 76 0
-75 6 -24 0
75 -1 -76 0
-61 -62 -75 0
38 -6 33 0
-70 -74 58 0
-78 18 69 0
-72 -20 16 0
78 70 -65 0
-5 -65 -64 0
-71 -46 -76 0
-50 -2 45 0
1 -20 -32 0
14 53 -21 0
78 -42 20 0
71 -2 79 0
-50 59 -4 0
34 30 -31 0
-17 -21 -79 0
20 33 11 0
-69 -57 -48 0
65 -63 -67 0
57 5 9 0
25 56 18 0
65 -80 32 0
-2 -78 63 0
-64 47 -1 0
-26 -23 -46 0
-64 42 -12 0
-21 6 -58 0
12 14 -50 0
42 51 50 0
-35 17 14 0
-37 9 51 0
-48 -60 -33 0
45 77 19 0
71 -66 25 0
-32 8 12 0
16 19 4 0
-28 43 -74 0
-55 -21 -78 0
59 58 -37 0
59 -22 -80 0
-52 -77 -79 0
-49 51 40 0
51 40 60 0
-13 -59 28 0
-16 -12 -25 0
-70 -23 -2 0
52 -41 58 0
74 20 64 0
-68 2 10 0
-25 -33 -60 0
-35 29 26 0
67 33 30 0
12 -30 45 0
41 -4 14 0
77 -69 -78 0
41 55 43 0
-32 69 -39 0
-72 -59 7 0
-47 -32 29 0
-45 29 5 0
-15 50 -5 0
-78 -35 -51 0
-58 -31 14 0
23 79 8 0
39 -47 -50 0
6 50 4 0
-28 -60 19 0
-18 17 -62 0
-67 33 -32 0
50 57 8 0
-78 -54 68 0
-8 42 58 0
47 71 -45 0
74 6 10 0
-58 48 -55 0
-50 64 58 0
-78 -42 -64 0
39 -77 18 0
60 -54 10 0
54 -6 -42 0
-60 -45 40 0
25 36 60 0
18 78 -67 0
55 31 -16 0
-42 19 -38 0
-49 -24 -16 0
-1 25 -39 0
-65 53 -28 0
44 -19 -1 0
50 -37 57 0
-8 36 -19 0
-51 -52 -8 0
-52 40 62 0
5 -17 2 0
-55 -71 -44 0
6 32 28 0
10 -73 -60 0
-21 -25 49 0
-68 25 42 0
-58 51 28 0
-11 -1 17 0
-60 75 9 0
63 -32 9 0
-64 38 -27 0
-49 34 65 0
-47 -60 29 0
-7 -21 58 0
-43 -6 28 0
-57 -54 -64 0
-67 -69 -55 0
12 80 5 0
-43 -4 62 0
22 -32 -12 0
-11 24 27 0
18 58 -28 0
17 29 -52 0
73 -66 -39 0
-38 19 13 0
-53 -41 -50 0
49 -69 34 0
36 25 -73 0
18 38 49 0
-25 14 -73 0
25 54 1 0
6 37 -18 0
55 68 56 0
64 48 79 0
-80 -20 59 0
48 -20 -34 0
-35 -45 -40 0
28 41 -55 0
-61 -14 32 0
29 34 18 0
36 64 -16 0
-14 27 -73 0
49 -42 -59 0
44 4 9 0
-50 -9 -33 0
-42 -76 54 0
-41 -24 -31 0
-20 36 18 0
35 -54 -11 0
-53 16 48 0
-62 71 50 0
-3 24 28 0
55 -77 60 0
16 70 10 0
-36 -50 -72 0
70 -60 -58 0
27 46 -8 0
-29 -50 69 0
-28 -43 54 0
65 31 -34 0
-77 -70 36 0
79 -64 -8 0
-77 -55 -36 0
-76 -54 20 0
-45 50 60 0
-54 52 -63 0
-29 -53 20 0
-33 80 65 0
50 67 24 0
-19 40 -34 0
69 -52 71 0
57 -73 2 0
-5 -31 21 0
-39 -72 46 0
-24 47 12 0
62 -46 -37 0
-21 34 41 0
70 -13 -77 0
2 -50 22 0
-58 16 -70 0
8 -40 25 0
-12 -74 -49 0
70 46 53 0
-25 53 -20 0
-76 -14 -25 0
-57 7 -22 0
-17 3 25 0
-17 -3 -9 0
-37 46 -66 0
63 20 41 0
31 -56 -2 0
-46 -2 7 0
49 -9 15 0
80 -25 49 0
-79 17 3 0
-59 80 -56 0
67 28 60 0
49 21 -20 0
38 5 72 0
-50 -51 -49 0
39 -12 23 0
64 -11 -78 0
-74 -77 51 0
-14 -60 17 0
22 -60 -11 0
52 8 48 0
21 -18 -74 0
-76 -8 -36 0
-79 -53 -71 0
-63 47 32 0
-10 -65 -53 0
-37 -21 -41 0
-36 32 68 0
-34 14 55 0
-11 78 -55 0
-1 46 32 0
11 71 33 0
76 12 70 0
33 1 69 0
-39 -54 -40 0
14 -29 -69 0
-78 22 -15 0
-57 -70 4 0
-58 -8 47 0
17 54 30 0
-24 -27 64 0
-6 -33 -68 0
-36 -48 72 0
-4 -48 -28 0
78 8 18 0
-50 -60 -25 0
-80 -51 11 0
-43 22 49 0
-28 -16 63 0
20 -70 23 0
27 60 64 0
-48 -14 32 0
-11 17 -35 0
65 -72 -70 0
62 5 -18 0
-13 -20 -21 0
77 -52 -64 0
-79 16 -52 0
70 26 -61 0
12 69 -53 0
-40 -13 -44 0

c GPT solve time: 9.12 seconds

SATISFIABLE  
Number of branches: 0  
Number of conflicts: 0  
x1 = True  
x2 = True  
x3 = True  
x4 = True  
x5 = True  
x6 = True  
x7 = True  
x8 = True  
x9 = True  
x10 = True  
x11 = True  
x12 = True  
x13 = True  
x14 = True  
x15 = True  
x16 = True  
x17 = True  
x18 = True  
x19 = True  
x20 = True  
x21 = True  
x22 = True  
x23 = True  
x24 = True  
x25 = True  
x26 = True  
x27 = True  
x28 = True  
x29 = True  
x30 = True  
x31 = True  
x32 = True  
x33 = True  
x34 = True  
x35 = True  
x36 = True  
x37 = True  
x38 = True  
x39 = True  
x40 = True  
x41 = True  
x42 = True  
x43 = True  
x44 = True  
x45 = True  
x46 = True  
x47 = True  
x48 = True  
x49 = True  
x50 = True  
x51 = True  
x52 = True  
x53 = True  
x54 = True  
x55 = True  
x56 = True  
x57 = True  
x58 = True  
x59 = True  
x60 = True  
x61 = True  
x62 = True  
x63 = True  
x64 = True  
x65 = True  
x66 = True  
x67 = True  
x68 = True  
x69 = True  
x70 = True  
x71 = True  
x72 = True  
x73 = True  
x74 = True  
x75 = True  
x76 = True  
x77 = True  
x78 = True  
x79 = True  
x80 = True