c Random 3-SAT
c alpha=3.8, N=80, L=304, instance=2280
p cnf 80 304
60 73 -62 0
14 -8 76 0
-68 -70 53 0
53 -10 -29 0
-23 -42 -68 0
-59 -11 39 0
23 -31 74 0
-7 51 73 0
26 73 47 0
65 -46 -45 0
-5 -21 64 0
-19 -40 -64 0
-14 -18 46 0
-50 16 62 0
-23 -64 -13 0
62 -79 -56 0
4 36 41 0
16 -62 -40 0
-70 48 79 0
11 -31 -19 0
-56 16 73 0
48 1 -26 0
-65 53 -7 0
15 -52 -23 0
-56 -10 24 0
-71 3 -38 0
47 32 31 0
13 77 -80 0
32 55 52 0
-50 65 20 0
29 -58 -18 0
38 50 40 0
-54 -71 -46 0
63 -55 6 0
1 2 -52 0
-66 14 -21 0
33 -77 -79 0
-4 -48 -7 0
-29 47 57 0
44 66 -50 0
-27 -20 74 0
-73 -24 15 0
-11 20 -65 0
-15 20 56 0
-25 -64 -35 0
29 -68 52 0
53 -12 25 0
-26 -10 -51 0
75 -27 65 0
64 -56 -36 0
-71 -69 72 0
-2 42 70 0
69 56 49 0
-16 4 -79 0
52 64 -78 0
28 -13 -39 0
60 34 -61 0
-65 -56 26 0
-31 -3 56 0
-72 36 -77 0
-37 -72 -22 0
4 43 -51 0
-52 64 72 0
-18 -30 -29 0
-57 -23 -44 0
3 28 -51 0
-79 56 -26 0
-31 70 34 0
-6 -3 35 0
-1 54 -68 0
-3 -26 43 0
-12 -30 33 0
-7 -55 -45 0
-58 -59 -23 0
-52 62 33 0
49 27 -41 0
-45 72 43 0
-59 -8 42 0
2 -7 34 0
-78 13 -29 0
62 -46 -9 0
-69 -38 68 0
63 55 -32 0
-13 10 25 0
10 -35 56 0
38 -11 -24 0
-5 4 72 0
43 48 -52 0
65 64 -31 0
-24 25 -65 0
-48 46 78 0
-4 8 -66 0
63 -62 -5 0
-57 -68 -32 0
62 40 45 0
3 50 36 0
2 61 -47 0
-3 52 -36 0
6 -59 37 0
11 -63 66 0
12 -17 -71 0
30 -32 -45 0
-11 -65 -68 0
-33 -46 72 0
-54 -40 46 0
-1 27 38 0
-71 25 73 0
-3 52 -73 0
-53 41 11 0
-18 -47 55 0
56 -23 51 0
26 54 48 0
18 -77 29 0
-22 74 -63 0
-18 28 32 0
73 -21 27 0
48 -20 1 0
27 -1 17 0
-58 7 -77 0
45 -1 -74 0
-18 -4 61 0
-7 17 -51 0
18 -32 61 0
29 67 -52 0
5 -50 3 0
37 -33 31 0
61 32 -5 0
58 57 77 0
-48 30 54 0
-76 -62 -40 0
46 -26 -2 0
69 -59 -62 0
-55 45 -35 0
12 -11 -27 0
-78 -21 30 0
-61 -38 -43 0
55 -26 52 0
17 -27 64 0
-72 -20 -65 0
49 -31 -34 0
48 -20 28 0
-65 53 57 0
-47 -16 -9 0
-18 -68 22 0
-70 2 -48 0
-22 -30 -60 0
-33 -77 -26 0
-24 -29 -15 0
23 72 -76 0
-6 -18 23 0
-72 43 56 0
-60 -3 32 0
-20 -46 -54 0
15 -43 -9 0
69 -11 -21 0
-31 47 75 0
21 66 -43 0
36 30 51 0
-22 -41 7 0
-23 16 -57 0
-41 -50 28 0
14 -73 -15 0
-62 79 -61 0
79 28 33 0
-75 -51 -10 0
30 -3 16 0
47 64 27 0
-29 -42 -19 0
53 -75 -57 0
-27 21 22 0
-66 -80 4 0
-15 -7 41 0
-77 -76 48 0
21 -69 -70 0
-4 53 73 0
5 -24 55 0
-41 69 32 0
-74 9 -60 0
-31 -27 76 0
-61 -44 37 0
24 80 71 0
-19 15 78 0
-68 -75 41 0
-31 -67 -21 0
53 -67 72 0
80 6 -72 0
-16 -44 -20 0
77 27 -55 0
15 61 77 0
-73 21 60 0
76 -25 -9 0
-60 26 20 0
-39 60 -2 0
-19 22 58 0
44 27 2 0
-74 -31 28 0
-57 43 -1 0
50 -3 -33 0
-18 -20 24 0
-5 -26 -11 0
45 60 54 0
6 1 -71 0
29 -11 3 0
22 -53 -18 0
27 11 -19 0
22 -11 -61 0
-16 15 68 0
9 59 25 0
68 42 -1 0
-34 -30 -45 0
29 5 -8 0
3 -25 -2 0
-12 -48 20 0
-59 10 -76 0
42 -56 -23 0
-47 20 -61 0
-16 69 -79 0
36 71 -72 0
-7 76 64 0
23 -79 -43 0
32 24 -53 0
-35 -45 1 0
-40 61 -39 0
77 68 64 0
15 63 -28 0
37 -31 -53 0
75 16 12 0
-72 59 34 0
-8 -6 71 0
17 -5 -15 0
-62 -29 -49 0
71 -37 -9 0
10 -77 48 0
12 -74 -59 0
-50 34 37 0
46 -9 -27 0
-18 -56 19 0
-78 -58 19 0
-11 50 77 0
10 -30 8 0
56 -51 -61 0
-33 -66 41 0
-22 42 -7 0
-3 72 -33 0
11 49 31 0
78 -31 14 0
38 -72 28 0
-66 58 -30 0
14 -68 -15 0
-65 71 -55 0
52 -14 -24 0
62 -29 50 0
22 31 -60 0
57 -35 -31 0
-57 -23 -21 0
49 -71 43 0
-76 -33 -67 0
1 -42 -22 0
26 -13 62 0
4 53 -25 0
-35 -23 -70 0
12 19 -18 0
-47 -35 80 0
-79 -77 -69 0
-71 35 -56 0
37 -45 70 0
38 -57 47 0
-66 64 12 0
-49 73 -66 0
45 -41 -29 0
11 -24 77 0
-60 -79 59 0
19 -20 -78 0
53 25 62 0
-60 -23 30 0
-21 -54 55 0
-31 -54 -78 0
-61 2 -32 0
-4 35 5 0
-53 -73 -17 0
-47 35 -58 0
1 -36 67 0
-49 -17 -71 0
-35 -23 -71 0
78 74 32 0
-63 61 -59 0
-56 48 -10 0
32 -77 24 0
-63 77 53 0
79 35 29 0
-66 79 30 0
6 32 59 0
20 -43 12 0
-13 20 70 0
75 -37 69 0
-37 -6 -78 0
9 61 -58 0
40 4 -15 0
26 -53 46 0
-10 72 -17 0
-29 80 -33 0
13 -75 -62 0
45 -79 60 0
47 72 8 0

c GPT solve time: 9.95 seconds

SATISFIABLE  
Number of branches: 0  
Number of conflicts: 0  
x1 = True  
x2 = True  
x3 = True  
x4 = True  
x5 = True  
x6 = True  
x7 = True  
x8 = True  
x9 = True  
x10 = True  
x11 = True  
x12 = True  
x13 = True  
x14 = True  
x15 = True  
x16 = True  
x17 = True  
x18 = True  
x19 = True  
x20 = True  
x21 = True  
x22 = True  
x23 = True  
x24 = True  
x25 = True  
x26 = True  
x27 = True  
x28 = True  
x29 = True  
x30 = True  
x31 = True  
x32 = True  
x33 = True  
x34 = True  
x35 = True  
x36 = True  
x37 = True  
x38 = True  
x39 = True  
x40 = True  
x41 = True  
x42 = True  
x43 = True  
x44 = True  
x45 = True  
x46 = True  
x47 = True  
x48 = True  
x49 = True  
x50 = True  
x51 = True  
x52 = True  
x53 = True  
x54 = True  
x55 = True  
x56 = True  
x57 = True  
x58 = True  
x59 = True  
x60 = True  
x61 = True  
x62 = True  
x63 = True  
x64 = True  
x65 = True  
x66 = True  
x67 = True  
x68 = True  
x69 = True  
x70 = True  
x71 = True  
x72 = True  
x73 = True  
x74 = True  
x75 = True  
x76 = True  
x77 = True  
x78 = True  
x79 = True  
x80 = True