c Random 3-SAT
c alpha=3.5, N=50, L=175, instance=8373
p cnf 50 175
-33 4 37 0
-25 10 8 0
46 -9 -44 0
18 -33 -7 0
22 41 -23 0
21 20 -19 0
-5 34 42 0
15 -32 9 0
-23 3 -41 0
40 -45 9 0
-10 8 2 0
47 -9 -11 0
-14 29 2 0
-40 -34 12 0
35 33 -2 0
-23 31 -13 0
-33 -12 -3 0
38 17 -11 0
45 -4 -10 0
-18 31 41 0
-47 -45 -2 0
28 30 46 0
-25 1 40 0
37 -6 23 0
-13 -46 3 0
38 20 -49 0
16 2 -45 0
7 -33 49 0
9 33 -46 0
17 -35 -42 0
17 -30 46 0
7 30 -34 0
-2 9 -21 0
-48 31 2 0
42 44 13 0
32 -24 -26 0
10 25 -26 0
33 -17 -30 0
-44 -12 -48 0
47 35 -42 0
-38 -49 -40 0
-20 -24 15 0
33 43 9 0
-24 6 18 0
-24 -2 34 0
-14 32 -37 0
-12 -38 11 0
-47 -26 -18 0
49 -24 38 0
12 35 -22 0
25 9 -34 0
15 48 -8 0
-28 48 47 0
25 -18 20 0
18 -13 33 0
-49 -15 -17 0
6 -38 3 0
-45 20 22 0
-27 15 -48 0
-20 15 26 0
45 11 32 0
-33 30 44 0
6 28 50 0
-36 28 22 0
38 -4 16 0
30 -40 18 0
16 -5 -19 0
8 -35 -7 0
-37 10 -50 0
30 -21 20 0
-14 -40 16 0
43 6 -11 0
-12 -6 -37 0
2 32 34 0
-16 19 14 0
-12 -27 -10 0
-46 11 -16 0
-35 -4 13 0
27 -4 25 0
-46 -11 22 0
-46 -38 -25 0
-6 -42 -26 0
35 26 -19 0
-10 15 47 0
31 -3 41 0
-13 -32 -31 0
34 42 -23 0
-9 -28 -7 0
-17 -14 24 0
49 -37 40 0
-10 18 -25 0
-39 14 -42 0
-45 30 13 0
-30 35 -25 0
44 12 -28 0
-12 35 -26 0
-44 34 14 0
27 23 -24 0
4 -34 -36 0
11 21 27 0
28 -26 -42 0
38 -22 -23 0
36 2 -21 0
-2 6 -14 0
-49 2 47 0
48 -5 50 0
35 -2 14 0
5 43 -15 0
-39 -28 49 0
5 12 -31 0
32 -38 -18 0
-46 13 37 0
20 -33 24 0
23 -32 -50 0
-41 -27 -45 0
21 50 5 0
29 -47 37 0
28 -49 4 0
27 23 -40 0
9 22 45 0
4 -13 37 0
39 -17 33 0
-35 -48 6 0
36 -24 33 0
12 49 46 0
-48 -13 -38 0
-32 27 -38 0
30 -32 15 0
1 -40 -18 0
-29 -15 -47 0
-38 9 13 0
26 -23 -31 0
35 25 43 0
10 49 7 0
6 -26 -5 0
25 -23 -37 0
-36 -48 -41 0
11 50 -15 0
-25 48 -2 0
12 -8 15 0
36 31 -39 0
-32 47 6 0
-26 11 39 0
40 -9 -15 0
37 26 20 0
-9 -25 29 0
37 -2 12 0
25 -10 -30 0
5 -19 42 0
-13 -7 45 0
4 -12 15 0
-4 -22 9 0
-3 -15 -27 0
30 -5 15 0
15 -37 -26 0
-30 -18 4 0
17 -18 -9 0
41 -4 47 0
5 -9 4 0
10 23 -37 0
-40 -50 45 0
-18 41 1 0
-15 30 44 0
24 35 26 0
27 -41 -1 0
22 -11 21 0
-47 15 41 0
-18 36 -25 0
20 21 42 0
16 -37 -24 0
42 -29 33 0
-6 -13 -30 0
-44 20 30 0
-49 -21 -13 0
-26 -20 -43 0

c GPT solve time: 16.54 seconds

SATISFIABLE  
Number of branches: 3  
Number of conflicts: 1  
x1 = True  
x2 = False  
x3 = True  
x4 = True  
x5 = True  
x6 = True  
x7 = False  
x8 = True  
x9 = True  
x10 = True  
x11 = False  
x12 = False  
x13 = False  
x14 = False  
x15 = True  
x16 = True  
x17 = True  
x18 = True  
x19 = False  
x20 = True  
x21 = True  
x22 = True  
x23 = False  
x24 = True  
x25 = True  
x26 = False  
x27 = True  
x28 = True  
x29 = True  
x30 = True  
x31 = True  
x32 = True  
x33 = True  
x34 = True  
x35 = True  
x36 = True  
x37 = True  
x38 = True  
x39 = True  
x40 = True  
x41 = True  
x42 = True  
x43 = True  
x44 = True  
x45 = True  
x46 = True  
x47 = True  
x48 = True  
x49 = True  
x50 = True