c Random 3-SAT
c alpha=3.7, N=70, L=259, instance=5683
p cnf 70 259
-1 -56 -63 0
-66 2 -53 0
13 26 -67 0
12 -57 43 0
1 -69 9 0
44 18 52 0
13 -46 -56 0
-48 60 -12 0
53 56 -51 0
22 -67 -30 0
-27 -61 18 0
-70 -22 21 0
-45 -64 -27 0
57 -65 -23 0
-68 31 -60 0
-11 50 -6 0
-42 36 46 0
-36 -19 -62 0
27 62 51 0
8 34 10 0
-28 29 -51 0
52 -43 -40 0
-29 21 -9 0
1 -67 -33 0
-70 -8 36 0
31 56 -68 0
-1 39 34 0
65 6 46 0
-40 -8 -63 0
27 43 -45 0
25 -62 4 0
-2 48 23 0
-2 29 -43 0
60 -29 11 0
47 -35 49 0
2 -36 49 0
-33 43 35 0
-27 26 -58 0
52 -3 49 0
66 -11 51 0
-56 12 -42 0
50 -34 -60 0
31 -41 -25 0
-51 30 -17 0
-65 31 49 0
35 62 -3 0
46 -41 51 0
-14 26 54 0
43 -47 8 0
-43 49 69 0
-3 51 -18 0
61 68 -44 0
-7 44 -18 0
-59 30 -45 0
-11 40 26 0
42 -6 40 0
-36 31 -59 0
7 -55 58 0
-29 46 28 0
58 -28 -4 0
14 -10 -50 0
7 3 53 0
-39 38 26 0
24 30 -63 0
13 -70 -36 0
24 -51 50 0
-11 58 -70 0
2 1 -42 0
5 11 -49 0
2 -12 55 0
-41 10 11 0
-52 9 6 0
-64 49 28 0
-52 -21 -22 0
-35 70 -45 0
38 70 69 0
-23 -55 15 0
65 29 -16 0
-9 42 13 0
-63 -15 56 0
23 -19 -18 0
23 -36 -54 0
-50 6 41 0
58 -4 -52 0
33 30 -46 0
69 -52 -34 0
-39 12 -66 0
41 -26 63 0
-49 6 -53 0
-45 -67 26 0
-52 -40 -53 0
-2 53 -4 0
-16 63 8 0
-25 27 3 0
-44 25 -55 0
-53 -35 -24 0
-63 20 61 0
2 -31 -41 0
-48 3 -68 0
-26 47 69 0
57 13 -9 0
-54 27 66 0
6 27 -29 0
18 70 -8 0
31 8 -15 0
-42 -6 48 0
-26 -16 55 0
-38 50 59 0
11 33 -32 0
-36 10 -19 0
-28 -35 10 0
-37 15 -25 0
17 12 10 0
-3 -4 -52 0
32 1 -35 0
23 29 -9 0
31 41 47 0
-20 -12 44 0
-17 -30 -43 0
-19 57 -56 0
32 63 41 0
-36 -51 11 0
-39 49 64 0
54 9 70 0
-69 -33 -36 0
68 -35 -3 0
-42 -27 25 0
-22 -48 -17 0
13 47 19 0
13 -57 -25 0
4 62 -40 0
-33 16 52 0
67 -48 50 0
-65 30 63 0
-28 -27 12 0
44 20 -8 0
65 23 -67 0
62 -69 25 0
9 39 -70 0
-23 -38 25 0
-65 54 44 0
-31 14 63 0
65 -1 15 0
30 -39 17 0
-25 70 -14 0
50 46 -16 0
52 69 -63 0
-9 -7 33 0
57 -5 65 0
-25 -63 -70 0
-28 -70 -6 0
46 -54 -48 0
-12 4 54 0
-14 54 67 0
56 6 -2 0
17 -14 42 0
-33 42 55 0
-66 29 4 0
41 -52 6 0
-25 15 24 0
13 -20 39 0
13 -43 10 0
6 -30 55 0
-70 5 -52 0
-22 70 -61 0
-66 38 -8 0
-26 -63 -58 0
-15 -8 -25 0
47 58 28 0
-2 -63 56 0
-44 -26 50 0
64 18 -48 0
60 -16 -70 0
-69 -9 32 0
5 -30 70 0
53 -29 38 0
-9 4 -20 0
41 7 -42 0
-31 -50 64 0
-12 -30 -41 0
-21 -49 -59 0
-26 8 43 0
-58 -50 -11 0
-10 20 16 0
40 59 -21 0
23 27 -50 0
55 -35 41 0
-24 39 29 0
68 -35 4 0
47 -46 -55 0
-6 -21 -44 0
-3 -38 18 0
-26 -4 22 0
-50 52 5 0
-33 -13 6 0
-59 51 14 0
37 55 29 0
-34 -36 -64 0
47 -32 -9 0
-20 63 11 0
43 38 -64 0
17 15 59 0
9 22 -21 0
-62 8 10 0
8 24 -2 0
3 -41 62 0
-39 53 40 0
32 -69 62 0
46 53 -67 0
-55 8 24 0
-37 -66 -32 0
-18 23 -29 0
26 10 -68 0
-46 51 21 0
7 30 -25 0
-26 66 5 0
-43 -58 -52 0
-10 25 63 0
-34 37 -17 0
-3 55 -37 0
-67 7 -15 0
29 -54 -11 0
-22 -57 -31 0
-43 51 -67 0
-57 3 55 0
2 -24 64 0
-66 26 35 0
8 35 -13 0
-48 39 31 0
-23 -29 -46 0
-45 2 -24 0
-31 -2 -22 0
-39 46 -67 0
26 21 65 0
-53 -1 -30 0
15 45 -65 0
44 4 -26 0
48 -40 -47 0
48 -12 49 0
27 28 42 0
-70 -52 -61 0
20 69 58 0
-15 38 55 0
41 3 54 0
15 -48 -22 0
23 -24 58 0
57 6 -25 0
-47 20 27 0
41 18 21 0
38 58 27 0
51 -52 -18 0
-32 -70 47 0
36 -6 26 0
-15 -53 -43 0
-55 52 15 0
-35 -18 -14 0
-33 -38 -40 0
22 -64 -44 0
10 -67 34 0

c GPT solve time: 9.51 seconds

SATISFIABLE  
Number of branches: 0  
Number of conflicts: 0  
x1 = True  
x2 = True  
x3 = True  
x4 = True  
x5 = True  
x6 = True  
x7 = True  
x8 = True  
x9 = True  
x10 = True  
x11 = True  
x12 = True  
x13 = True  
x14 = True  
x15 = True  
x16 = True  
x17 = True  
x18 = True  
x19 = True  
x20 = True  
x21 = True  
x22 = True  
x23 = True  
x24 = True  
x25 = True  
x26 = True  
x27 = True  
x28 = True  
x29 = True  
x30 = True  
x31 = True  
x32 = True  
x33 = True  
x34 = True  
x35 = True  
x36 = True  
x37 = True  
x38 = True  
x39 = True  
x40 = True  
x41 = True  
x42 = True  
x43 = True  
x44 = True  
x45 = True  
x46 = True  
x47 = True  
x48 = True  
x49 = True  
x50 = True  
x51 = True  
x52 = True  
x53 = True  
x54 = True  
x55 = True  
x56 = True  
x57 = True  
x58 = True  
x59 = True  
x60 = True  
x61 = True  
x62 = True  
x63 = True  
x64 = True  
x65 = True  
x66 = True  
x67 = True  
x68 = True  
x69 = True  
x70 = True