c Random 3-SAT
c alpha=3.8, N=80, L=304, instance=34
p cnf 80 304
16 -51 -78 0
-59 -32 57 0
17 -70 -20 0
49 33 15 0
39 -63 36 0
-28 76 4 0
-55 -8 -66 0
1 42 -32 0
37 50 -33 0
15 -47 -30 0
-5 18 -79 0
31 -21 -47 0
-38 -35 -77 0
-56 47 -46 0
23 69 30 0
39 -17 -69 0
28 46 -40 0
10 -70 11 0
20 24 -17 0
51 -6 32 0
-73 -70 56 0
50 55 66 0
58 38 -62 0
58 -35 -8 0
-15 33 -32 0
40 -71 -34 0
-50 55 23 0
3 53 -11 0
-17 -3 -68 0
-59 -40 -60 0
-29 21 19 0
-18 -31 -5 0
-56 16 -49 0
77 -75 -72 0
-9 -30 18 0
68 60 -17 0
-67 -13 -68 0
-25 33 -21 0
-71 41 -29 0
5 -6 -39 0
-27 -19 16 0
-16 -79 -20 0
-14 -21 -17 0
79 65 62 0
69 10 41 0
-34 -27 30 0
-75 33 52 0
12 22 -2 0
47 34 -18 0
38 -12 -4 0
24 -37 41 0
6 -7 46 0
-53 -9 -46 0
3 -20 -15 0
59 31 -19 0
-20 59 77 0
-9 5 31 0
-64 24 14 0
27 -68 25 0
12 -58 -50 0
-77 41 74 0
-23 -21 -77 0
-20 41 -52 0
-74 7 -52 0
-70 -64 -54 0
70 -74 41 0
38 -8 75 0
18 -49 4 0
-36 61 20 0
-63 59 -48 0
-48 47 67 0
66 79 4 0
-25 43 -77 0
78 34 -50 0
-47 -8 -67 0
14 55 -71 0
71 42 -38 0
-78 -75 53 0
-44 52 -29 0
12 -58 -28 0
-1 9 67 0
54 -59 2 0
44 27 39 0
11 -72 31 0
-38 -64 47 0
51 47 -46 0
-40 35 -3 0
-72 21 -50 0
70 12 50 0
-40 70 68 0
-54 -66 49 0
-39 30 -70 0
42 47 57 0
-65 57 -61 0
-8 22 17 0
18 47 -42 0
-26 24 63 0
41 -3 61 0
46 68 -26 0
-59 8 -18 0
-24 -37 79 0
-71 58 37 0
-8 54 -48 0
-29 23 7 0
-79 -6 57 0
37 38 -63 0
-52 74 4 0
-70 39 75 0
-27 -47 57 0
-59 67 72 0
27 -4 -68 0
-78 -32 49 0
-38 18 -51 0
-40 -50 -34 0
72 -17 -66 0
43 10 -21 0
-39 69 33 0
-5 -68 -42 0
-27 -32 22 0
34 40 -53 0
-15 3 -39 0
72 -21 26 0
17 -40 -34 0
51 79 70 0
40 36 -68 0
-5 -25 -16 0
18 3 -60 0
27 41 -59 0
-34 74 23 0
45 24 22 0
75 17 44 0
-73 -35 66 0
22 -59 42 0
35 43 -4 0
-72 63 25 0
-32 55 -47 0
-55 -62 -38 0
-24 11 -16 0
-67 -78 22 0
10 23 80 0
-1 76 73 0
-74 9 -57 0
-44 -5 28 0
-23 75 46 0
48 -70 35 0
44 25 -76 0
-61 -44 -68 0
51 -6 -77 0
30 58 10 0
-57 -40 -15 0
-5 -75 -42 0
-35 43 -29 0
-30 52 -65 0
-19 29 -16 0
56 -55 28 0
69 -5 -9 0
-76 5 -52 0
-57 -58 4 0
-60 -9 -25 0
30 -37 9 0
69 -65 -22 0
-36 17 48 0
-11 41 -24 0
-64 7 -32 0
-8 26 -67 0
16 54 3 0
69 -25 20 0
6 38 -15 0
57 15 -64 0
66 -73 53 0
8 -58 -80 0
-52 80 55 0
-80 60 -50 0
-44 28 20 0
57 59 -20 0
-18 -39 -8 0
8 78 -17 0
-49 -20 27 0
-34 -47 69 0
29 -78 13 0
-3 61 39 0
-15 37 11 0
44 6 5 0
6 -24 -63 0
76 -41 -18 0
-53 35 25 0
58 -15 -74 0
-62 -27 -23 0
18 63 62 0
-33 -80 17 0
-76 23 -59 0
58 19 -7 0
-10 -58 53 0
-6 -25 44 0
-46 -76 78 0
-70 -49 -52 0
-9 -46 -79 0
-25 -66 60 0
-72 -2 65 0
71 55 17 0
-32 18 73 0
77 -19 -3 0
3 80 70 0
64 70 -2 0
-11 -32 49 0
-12 -42 73 0
-34 32 17 0
16 53 12 0
13 -71 4 0
79 -43 -32 0
19 -21 66 0
-9 -58 -49 0
40 55 -61 0
-23 -24 27 0
-8 4 43 0
-66 -31 78 0
-46 70 -67 0
-66 -25 12 0
20 4 23 0
79 -62 -66 0
46 18 -26 0
-32 11 9 0
-32 34 -59 0
75 -5 -65 0
62 -63 3 0
22 -55 -32 0
17 68 -31 0
11 29 -60 0
20 -67 76 0
63 11 -65 0
-55 18 -19 0
-8 71 -23 0
31 -76 -42 0
-45 23 -32 0
-55 -74 -18 0
-53 -24 15 0
-23 19 -3 0
-71 -80 14 0
-39 -4 51 0
34 74 48 0
-34 39 4 0
-71 24 -62 0
-26 39 50 0
-65 -18 52 0
-76 45 52 0
-27 -40 13 0
-34 17 60 0
-10 -3 60 0
13 71 -22 0
-61 -20 -79 0
26 -35 47 0
62 -47 -44 0
-70 -79 -43 0
23 -10 -67 0
-68 -22 -73 0
71 21 79 0
-26 27 -21 0
22 -52 71 0
-31 -41 23 0
33 -61 76 0
-9 48 -29 0
-50 25 -4 0
-56 -41 42 0
58 34 29 0
-28 -80 47 0
36 -24 14 0
-75 -79 59 0
27 -33 -79 0
-2 -28 78 0
30 19 49 0
78 -48 -3 0
15 -65 26 0
36 -53 -34 0
68 65 -28 0
74 -38 31 0
-11 -55 -58 0
-35 69 40 0
-78 8 67 0
7 -27 21 0
-9 47 -8 0
15 43 -40 0
55 -77 11 0
-80 44 -13 0
49 42 -41 0
-47 -27 -54 0
-31 60 -53 0
16 40 32 0
20 60 23 0
-55 -75 4 0
-56 42 5 0
74 -51 -54 0
-7 30 56 0
-8 41 45 0
-70 -40 60 0
-52 -47 64 0
-30 -28 64 0
-13 -23 -48 0
5 -13 36 0
61 -6 -42 0
41 -66 -49 0
-67 -7 28 0
46 68 36 0
52 -6 -4 0
70 55 -79 0

c GPT solve time: 6.25 seconds

SATISFIABLE  
Number of branches: 1  
Number of conflicts: 0  
Value assignment:  
x1 = False  
x2 = False  
x3 = False  
x4 = False  
x5 = False  
x6 = False  
x7 = False  
x8 = False  
x9 = False  
x10 = False  
x11 = False  
x12 = False  
x13 = False  
x14 = False  
x15 = False  
x16 = False  
x17 = False  
x18 = False  
x19 = False  
x20 = False  
x21 = False  
x22 = False  
x23 = False  
x24 = False  
x25 = False  
x26 = False  
x27 = False  
x28 = False  
x29 = False  
x30 = False  
x31 = False  
x32 = False  
x33 = False  
x34 = False  
x35 = False  
x36 = False  
x37 = False  
x38 = False  
x39 = False  
x40 = False  
x41 = False  
x42 = False  
x43 = False  
x44 = False  
x45 = False  
x46 = False  
x47 = False  
x48 = False  
x49 = False  
x50 = False  
x51 = False  
x52 = False  
x53 = False  
x54 = False  
x55 = False  
x56 = False  
x57 = False  
x58 = False  
x59 = False  
x60 = False  
x61 = False  
x62 = False  
x63 = False  
x64 = False  
x65 = False  
x66 = False  
x67 = False  
x68 = False  
x69 = False  
x70 = False  
x71 = False  
x72 = False  
x73 = False  
x74 = False  
x75 = False  
x76 = False  
x77 = False  
x78 = False  
x79 = False  
x80 = False