c Random 3-SAT
c alpha=3.8, N=80, L=304, instance=392
p cnf 80 304
-51 35 53 0
35 24 52 0
-26 45 -28 0
-77 -78 30 0
-42 78 31 0
-43 20 68 0
-5 -60 -37 0
59 16 77 0
-67 -1 -68 0
26 -67 71 0
4 -68 6 0
-70 46 -15 0
35 53 72 0
-76 57 9 0
20 55 32 0
6 17 30 0
-41 -20 35 0
-54 38 -30 0
-57 17 20 0
22 -28 74 0
-75 66 -61 0
59 65 54 0
-23 -8 31 0
56 -47 -15 0
-46 2 -51 0
76 23 32 0
-77 -42 72 0
50 8 -51 0
9 -20 72 0
80 79 -54 0
50 -5 -70 0
51 -67 27 0
-5 -43 66 0
-40 41 34 0
-7 56 22 0
38 30 -67 0
54 -53 10 0
-2 -31 71 0
-27 42 67 0
59 -51 23 0
-7 6 -48 0
12 -64 -67 0
-80 30 27 0
71 52 -10 0
16 -68 -77 0
64 -60 -57 0
45 -80 24 0
-12 -57 -19 0
12 17 68 0
-73 47 -46 0
-46 6 -27 0
-15 38 -52 0
-74 -23 -62 0
39 -58 9 0
-55 15 21 0
-14 -9 4 0
-2 -34 72 0
25 36 17 0
-58 -37 4 0
72 57 -44 0
-29 -48 9 0
-9 -2 -13 0
-26 41 -11 0
-63 -5 -27 0
-26 2 48 0
15 74 31 0
-69 11 31 0
76 -52 -72 0
7 -21 -66 0
11 42 -43 0
18 -48 19 0
-23 35 -67 0
3 38 -17 0
-12 29 -36 0
11 -3 32 0
-80 -53 37 0
-59 48 -10 0
-50 28 48 0
-1 43 49 0
-42 8 16 0
1 -54 -3 0
-73 33 -56 0
65 -23 13 0
-25 -18 -68 0
-11 -33 -30 0
7 -54 69 0
2 71 68 0
-42 -79 39 0
-36 -75 17 0
-80 -26 45 0
-13 9 -31 0
77 -8 -17 0
-36 -18 -48 0
-61 -5 41 0
-26 43 -29 0
-8 5 60 0
2 -40 -64 0
22 -50 78 0
-5 -54 28 0
-32 -36 26 0
-1 -79 36 0
-58 -41 56 0
5 -26 -41 0
-10 -79 -64 0
-31 -34 23 0
-18 -67 -45 0
69 -43 5 0
76 -51 20 0
-68 36 78 0
-7 5 -64 0
-48 -49 13 0
-57 61 -55 0
31 -79 67 0
39 -26 -15 0
-76 -11 63 0
63 4 67 0
-70 -7 73 0
50 17 -37 0
80 76 44 0
-76 -80 -37 0
-13 -47 3 0
-13 -15 59 0
36 -35 -50 0
75 -72 -43 0
-73 -70 20 0
-66 43 50 0
-55 -45 -63 0
-1 -71 -43 0
1 -35 -32 0
-40 -27 -45 0
-5 69 -53 0
62 -66 -6 0
-78 -42 69 0
-80 -31 10 0
10 13 -4 0
-73 -72 -23 0
13 -5 -65 0
-5 59 33 0
78 29 64 0
23 -61 32 0
-32 -63 66 0
6 -68 -2 0
-26 37 45 0
24 -50 79 0
-49 -35 17 0
75 -18 -33 0
59 -33 17 0
-20 67 26 0
3 -51 -62 0
43 4 10 0
56 21 -23 0
6 33 -79 0
68 50 3 0
76 72 -13 0
-34 33 43 0
30 -79 -7 0
36 40 -26 0
63 40 66 0
-38 -4 -22 0
-20 -54 -2 0
37 46 -50 0
-78 53 50 0
-51 -41 45 0
31 -9 77 0
-15 -54 -2 0
68 -32 -29 0
-48 -76 40 0
66 51 -78 0
1 60 63 0
54 8 1 0
-54 48 67 0
-75 -29 -70 0
-76 -41 -52 0
64 -3 47 0
22 -66 73 0
39 57 67 0
13 66 -2 0
21 -29 -2 0
-23 -45 22 0
-76 54 -30 0
-63 70 53 0
-29 15 -71 0
-16 -31 -22 0
-16 -71 -35 0
-34 73 79 0
77 -37 -64 0
58 -30 -64 0
21 -29 14 0
18 63 -31 0
77 42 -48 0
11 44 20 0
-16 -63 3 0
-74 -10 -12 0
-7 10 -6 0
-28 -10 8 0
45 -1 -67 0
-29 -34 44 0
59 -71 49 0
-73 8 -48 0
38 -29 25 0
48 39 -30 0
22 78 -59 0
37 78 -55 0
60 44 -45 0
-19 35 -22 0
63 79 8 0
73 3 -67 0
53 -34 -58 0
27 -21 7 0
-39 -42 -28 0
-22 -41 -24 0
-39 -51 70 0
20 38 -1 0
32 5 15 0
68 80 20 0
-75 77 28 0
-48 -69 41 0
54 5 -53 0
-57 -47 80 0
-80 17 38 0
-32 30 -58 0
38 1 55 0
-77 -41 -11 0
-13 -24 -66 0
-4 -67 63 0
48 -72 -1 0
-9 -59 4 0
-38 -40 35 0
-5 -14 -41 0
-5 -10 -44 0
25 -12 79 0
48 -62 16 0
-14 -68 27 0
69 -17 30 0
9 -27 -5 0
-34 23 25 0
-30 -33 -11 0
66 -15 -77 0
-28 -30 -54 0
-32 14 12 0
78 -42 -38 0
-73 56 32 0
7 -65 18 0
47 8 -4 0
-55 -48 28 0
34 -1 -54 0
-61 -72 26 0
-18 -24 -49 0
37 -2 -5 0
-32 59 23 0
47 40 41 0
-11 56 59 0
-78 46 70 0
51 -8 -71 0
-11 -17 -59 0
21 31 4 0
-20 -4 -15 0
-22 47 -53 0
-63 66 3 0
-74 53 1 0
-38 40 42 0
2 -72 -43 0
-77 59 -25 0
51 -15 65 0
-45 29 -62 0
-34 -79 -14 0
-12 54 -4 0
65 38 22 0
-38 63 -74 0
-67 71 42 0
4 -49 66 0
8 6 -63 0
7 48 -1 0
35 -40 30 0
-48 -15 -70 0
47 58 -48 0
-30 -8 -72 0
-29 36 -52 0
-77 51 -23 0
-6 -61 -47 0
30 -38 -46 0
-36 35 7 0
-78 21 -14 0
-58 -65 36 0
28 51 -25 0
-34 4 55 0
-76 -34 -27 0
29 46 23 0
-59 -37 12 0
4 -77 -54 0
44 -5 -9 0
-54 -22 -2 0
-10 -5 -34 0
46 60 -35 0
-12 -28 50 0
-41 -48 -32 0
-41 17 38 0
32 26 39 0
-71 -40 53 0
69 9 -14 0
66 -24 44 0
73 36 80 0
-66 38 -21 0
-48 26 -1 0

c GPT solve time: 3.97 seconds

SATISFIABLE  
Number of branches: 6  
Number of conflicts: 2  
Value assignment:  
x1 = False  
x2 = False  
x3 = False  
x4 = False  
x5 = False  
x6 = False  
x7 = False  
x8 = False  
x9 = False  
x10 = False  
x11 = False  
x12 = False  
x13 = False  
x14 = False  
x15 = False  
x16 = False  
x17 = False  
x18 = False  
x19 = False  
x20 = False  
x21 = False  
x22 = False  
x23 = False  
x24 = False  
x25 = False  
x26 = False  
x27 = False  
x28 = False  
x29 = False  
x30 = False  
x31 = False  
x32 = False  
x33 = False  
x34 = False  
x35 = False  
x36 = False  
x37 = False  
x38 = False  
x39 = False  
x40 = False  
x41 = False  
x42 = False  
x43 = False  
x44 = False  
x45 = False  
x46 = False  
x47 = False  
x48 = False  
x49 = False  
x50 = False  
x51 = False  
x52 = False  
x53 = False  
x54 = False  
x55 = False  
x56 = False  
x57 = False  
x58 = False  
x59 = False  
x60 = False  
x61 = False  
x62 = False  
x63 = False  
x64 = False  
x65 = False  
x66 = False  
x67 = False  
x68 = False  
x69 = False  
x70 = False  
x71 = False  
x72 = False  
x73 = False  
x74 = False  
x75 = False  
x76 = False  
x77 = False  
x78 = False  
x79 = False  
x80 = False