c Random 3-SAT
c alpha=4.5, N=75, L=337, instance=12
p cnf 75 337
4 -27 -35 0
11 -55 5 0
-60 50 19 0
-74 65 25 0
25 22 55 0
39 -46 -69 0
40 34 18 0
-7 -31 39 0
24 -48 46 0
2 -30 43 0
-62 38 27 0
-47 -11 28 0
48 5 -66 0
27 -15 35 0
-18 -38 14 0
-33 29 -17 0
2 72 -49 0
62 -17 74 0
19 45 -29 0
21 48 28 0
5 -17 -40 0
-33 58 -72 0
-65 10 28 0
-10 -53 17 0
70 52 5 0
-32 68 -72 0
70 71 15 0
-1 -55 17 0
-45 -75 46 0
-30 46 -12 0
-42 -3 62 0
35 -26 -2 0
37 65 32 0
3 -16 -62 0
44 34 -70 0
-74 -35 -52 0
49 -62 74 0
-42 -20 66 0
-61 21 -52 0
-57 -38 47 0
-60 -70 74 0
35 1 63 0
59 44 23 0
26 -41 -51 0
41 8 -39 0
28 -49 17 0
56 44 35 0
36 -23 30 0
-13 -25 37 0
68 73 56 0
-10 -22 58 0
-48 72 -24 0
21 -63 9 0
-44 -62 18 0
-52 8 -66 0
42 -21 -75 0
75 11 -57 0
19 -22 -69 0
-70 22 17 0
-38 -9 18 0
-61 21 -23 0
44 70 -8 0
-24 -38 26 0
52 41 24 0
-30 -48 56 0
41 -50 -32 0
-69 -7 -21 0
-23 41 -13 0
34 61 -66 0
-41 -49 5 0
-1 -55 62 0
13 63 -41 0
-72 -2 65 0
-73 66 15 0
34 39 -72 0
-60 7 -53 0
-65 16 47 0
-26 69 32 0
62 4 -54 0
62 22 74 0
-44 -25 23 0
-19 67 -31 0
2 -8 35 0
-68 -11 -2 0
28 -56 -57 0
-38 -56 45 0
66 42 -3 0
-68 25 10 0
-36 -32 -52 0
-74 30 -9 0
40 -14 29 0
-22 74 -9 0
-48 -69 -56 0
46 59 -50 0
-29 73 48 0
-18 -20 -13 0
-69 60 -45 0
-36 57 25 0
6 26 71 0
-72 62 50 0
20 64 40 0
-52 58 15 0
-46 -24 -11 0
34 57 -60 0
1 -8 70 0
3 -41 -66 0
15 -49 10 0
-39 -5 20 0
-54 -51 8 0
47 -29 -18 0
38 -44 -35 0
-7 53 -26 0
7 53 69 0
-13 66 15 0
69 19 48 0
-44 14 65 0
-16 67 -52 0
9 56 -6 0
3 30 -14 0
26 16 -5 0
23 7 16 0
-49 -1 -44 0
-59 35 -64 0
48 -27 6 0
-51 63 -54 0
-42 54 73 0
37 46 -27 0
-74 8 -56 0
35 68 -70 0
-17 11 68 0
-65 -39 19 0
40 -64 -6 0
39 -41 -37 0
70 69 63 0
-11 -2 13 0
-11 24 26 0
69 -68 -52 0
-12 -3 5 0
-46 4 -11 0
14 -31 58 0
3 38 -71 0
-65 -50 -55 0
-70 -29 -18 0
-46 -42 60 0
42 -73 -56 0
-60 -43 66 0
66 -69 -15 0
13 2 54 0
53 -8 60 0
-8 10 67 0
6 57 48 0
-44 -30 -36 0
-22 -28 -9 0
43 29 8 0
47 -1 9 0
-26 -45 25 0
13 -31 -15 0
-16 26 -12 0
-43 -8 -75 0
73 15 47 0
6 45 -42 0
38 -8 -22 0
55 -41 -50 0
-10 65 7 0
69 33 73 0
43 -22 -1 0
64 -72 -22 0
-10 18 -74 0
54 40 -38 0
-35 56 45 0
20 75 -42 0
51 -31 -74 0
-33 -58 53 0
-15 -40 -31 0
-27 57 65 0
52 -20 41 0
22 -66 -20 0
64 29 -18 0
29 -4 37 0
58 -4 60 0
-65 -16 73 0
-64 38 -19 0
50 -62 41 0
44 22 57 0
-42 6 -63 0
-25 68 -12 0
33 -40 48 0
-15 13 9 0
32 36 -33 0
-58 17 -60 0
-66 -49 -16 0
-27 5 -57 0
-75 -16 56 0
33 68 11 0
-6 3 -22 0
-34 4 63 0
3 57 -56 0
27 -70 -69 0
43 59 31 0
64 -47 -67 0
54 -2 -51 0
52 27 1 0
-27 32 -64 0
-29 55 43 0
-4 -65 5 0
17 -28 -18 0
21 -37 16 0
-24 70 27 0
45 47 19 0
56 -57 25 0
68 60 28 0
-23 58 61 0
8 -67 -45 0
31 -24 59 0
54 71 -35 0
-14 1 -21 0
45 -60 41 0
59 31 53 0
-16 -1 -46 0
-4 53 44 0
36 -48 -27 0
27 41 -62 0
-21 49 -48 0
43 7 53 0
-62 -28 -59 0
-2 36 65 0
-49 -21 41 0
-12 46 33 0
67 25 34 0
-19 -74 -6 0
-64 59 -31 0
-9 40 30 0
1 -43 -69 0
-16 49 -23 0
-9 12 75 0
4 -53 22 0
34 -68 40 0
11 -16 -27 0
-70 -61 -9 0
-31 60 -15 0
49 48 2 0
44 54 -45 0
52 -9 1 0
59 20 29 0
75 -20 -32 0
19 67 55 0
64 30 17 0
-38 68 15 0
-2 -69 34 0
23 -34 70 0
26 13 -70 0
32 -44 -22 0
-45 73 47 0
75 -18 -16 0
5 -48 1 0
-63 -37 10 0
47 22 -52 0
69 17 -75 0
50 -45 -60 0
20 65 -36 0
-9 -57 -2 0
-24 56 59 0
40 -13 51 0
66 36 43 0
-27 72 63 0
4 59 28 0
13 72 -59 0
-26 74 41 0
-30 47 43 0
51 -29 -23 0
32 50 -17 0
-30 -55 -24 0
3 -62 56 0
64 32 -45 0
48 15 35 0
67 50 -70 0
41 -46 73 0
72 74 -59 0
-62 10 -66 0
-43 21 -57 0
2 59 42 0
20 -71 31 0
23 -36 58 0
42 55 -75 0
2 75 64 0
-38 -25 -7 0
-61 -55 54 0
-23 -70 7 0
-5 -12 -41 0
-3 -37 40 0
-69 -51 -10 0
-34 -69 32 0
58 -17 -43 0
-31 -41 -54 0
57 30 -55 0
29 -45 14 0
-39 -66 14 0
72 65 -11 0
-53 19 7 0
-1 44 -25 0
13 -53 -66 0
56 61 -33 0
-54 72 35 0
-42 -64 18 0
-8 -59 -35 0
67 -9 23 0
62 47 -66 0
-31 -74 -43 0
15 23 64 0
-71 13 64 0
44 26 58 0
-1 -12 15 0
41 44 47 0
73 -52 20 0
28 35 -29 0
30 34 -75 0
-20 -50 46 0
-26 51 74 0
28 -18 34 0
-61 44 5 0
-1 -7 38 0
69 10 -64 0
-28 -23 34 0
17 -19 -8 0
-68 -20 -44 0
-50 1 -55 0
53 -41 -70 0
55 3 10 0
9 -59 56 0
49 48 20 0
11 -68 -57 0
-18 -19 63 0
17 -16 -13 0
-45 4 -19 0
-66 10 -19 0
-13 -1 7 0
-48 -37 -26 0

c GPT solve time: 36.10 seconds

STEP-BY-STEP (DPLL/CDCL SKETCH):

1) Initialization: No unit clauses at the start, and no pure literals immediately identified.  
2) Choose a branching variable (e.g., x1). Assign x1 = True. Propagate any consequences (unit propagation).  
3) Continue selecting variables (e.g., x2, x3, …) one by one, each time performing unit propagation.  
4) When a conflict is detected (a clause becomes unsatisfiable under the current partial assignment), perform backtracking to revise an earlier decision.  
5) Repeat the process of choosing unassigned variables (branches) and backtracking upon conflicts until either:  
   • All clauses are satisfied by the partial assignment (extending it to a full solution), or  
   • A contradiction arises at the top level (no assignments remain possible).  
6) In this formula, a consistent assignment is eventually found, so it is satisfiable.

FINAL ANSWER (no extra explanation):

SATISFIABLE  
356  
178