c Random 3-SAT
c alpha=3.7, N=75, L=277, instance=8952
p cnf 75 277
-29 12 13 0
74 -51 28 0
-61 34 -40 0
69 72 -14 0
55 11 -4 0
11 58 10 0
24 4 44 0
47 18 -41 0
5 -68 -19 0
4 -24 -74 0
29 11 45 0
53 -13 28 0
75 43 -23 0
-7 -19 6 0
30 41 27 0
29 2 18 0
-23 7 -70 0
65 -40 -34 0
-59 -26 2 0
4 -58 -26 0
25 45 36 0
50 62 54 0
-67 7 -72 0
-9 43 34 0
63 56 1 0
-11 -9 -8 0
17 59 46 0
-58 -43 61 0
-9 47 66 0
30 -48 20 0
53 -47 -16 0
-74 60 -28 0
-36 -50 -61 0
58 -18 45 0
14 15 11 0
-8 -34 -41 0
20 46 -47 0
53 -28 40 0
-66 -67 -17 0
-33 -21 -7 0
-62 -41 6 0
-61 32 -53 0
-19 10 15 0
33 30 -57 0
-48 -3 59 0
18 -62 -52 0
-20 58 -24 0
69 -60 -55 0
-30 6 65 0
69 48 75 0
-19 67 70 0
37 58 62 0
24 -23 74 0
19 -75 13 0
3 12 49 0
-7 33 27 0
49 -3 -74 0
56 17 48 0
-25 -6 64 0
-56 -33 38 0
49 8 57 0
22 -57 9 0
-73 -50 -42 0
-41 -8 -3 0
-11 -68 74 0
-33 -42 -66 0
8 -49 68 0
4 -1 -40 0
-73 -9 -59 0
20 24 38 0
3 -47 56 0
-72 -50 -19 0
-49 -2 54 0
-25 -28 68 0
55 75 13 0
47 70 62 0
-45 39 -46 0
23 19 -55 0
42 34 1 0
-45 55 -60 0
-4 49 61 0
13 69 11 0
-4 38 3 0
62 -38 2 0
39 -47 -25 0
4 33 -46 0
-34 -22 60 0
21 27 9 0
-17 -42 -72 0
2 -28 47 0
-69 -5 -50 0
35 -67 -58 0
-29 -60 -75 0
49 -50 -48 0
28 33 23 0
7 -33 42 0
38 -29 -36 0
-74 -7 -51 0
-9 23 48 0
5 -8 -4 0
-32 58 -54 0
65 62 -27 0
14 -64 60 0
-21 -8 -24 0
55 19 -50 0
17 -50 -62 0
46 -2 24 0
-52 -46 12 0
-62 -49 -18 0
-42 59 -26 0
54 59 -32 0
-16 69 38 0
11 21 50 0
10 23 56 0
-22 -56 10 0
72 7 21 0
68 -17 51 0
75 56 -28 0
34 43 -38 0
-37 -23 34 0
58 -1 -29 0
-48 -24 29 0
-60 7 -27 0
64 21 23 0
-64 52 -36 0
-10 14 2 0
73 -21 75 0
11 55 6 0
38 -18 -8 0
-56 48 29 0
-68 39 -26 0
12 64 -59 0
-23 -52 25 0
-70 -37 -62 0
61 14 -18 0
-4 -18 -6 0
-48 31 70 0
-34 7 70 0
52 -44 20 0
70 -67 59 0
46 66 11 0
-4 -25 -22 0
51 -45 52 0
-36 -72 16 0
-70 25 16 0
-10 32 15 0
-25 -62 -47 0
41 -5 -46 0
32 35 63 0
-54 60 8 0
29 68 -28 0
4 51 15 0
-17 39 -21 0
-24 29 -3 0
54 58 4 0
-1 -25 24 0
38 1 -61 0
-55 -37 -23 0
72 -3 59 0
11 55 -48 0
-6 5 -7 0
14 -66 18 0
-23 -49 -55 0
-13 -18 -3 0
-46 -4 25 0
52 11 42 0
-11 -12 4 0
31 -57 -10 0
-14 -72 2 0
40 -21 -67 0
-17 60 20 0
26 42 69 0
47 74 -69 0
-54 -35 47 0
-23 15 10 0
33 45 -38 0
-17 -45 -69 0
15 -2 -31 0
-45 -70 -51 0
-8 39 -31 0
56 32 46 0
13 42 73 0
-44 -1 27 0
55 -66 -16 0
-24 12 -74 0
-54 22 45 0
29 12 -24 0
68 -72 -29 0
-67 -43 -37 0
25 -75 53 0
-49 66 26 0
-29 71 -13 0
63 -30 34 0
68 -53 19 0
-53 49 36 0
56 5 -3 0
-31 49 -41 0
-53 61 70 0
71 -67 46 0
36 -45 7 0
-2 -46 -60 0
-3 -41 5 0
39 36 -19 0
46 -53 28 0
-32 -28 69 0
-56 42 -1 0
74 -63 -23 0
-44 -56 -57 0
-61 9 48 0
-59 -17 19 0
-46 70 -7 0
-44 -37 -11 0
4 58 45 0
-14 53 -43 0
-20 4 -15 0
-14 22 -71 0
11 -31 -28 0
-21 -8 37 0
4 9 -44 0
-28 -49 -71 0
10 -70 -45 0
49 35 71 0
-15 -41 57 0
-50 -32 4 0
-11 20 -42 0
-38 70 -29 0
-1 -64 20 0
-75 -69 1 0
-57 -47 -9 0
50 12 -69 0
27 59 -17 0
-68 -46 -67 0
35 -50 -6 0
-45 -7 21 0
-38 -30 -56 0
-34 36 -39 0
-50 -66 56 0
3 -39 6 0
-37 61 -28 0
-1 -57 -38 0
-31 -72 5 0
34 -25 -44 0
34 -19 -4 0
72 -62 -49 0
-43 61 -13 0
32 69 61 0
-55 -43 16 0
-16 8 55 0
-48 -12 -11 0
45 -16 -7 0
11 -28 -55 0
58 -53 -38 0
39 -29 -66 0
2 49 68 0
52 43 51 0
10 37 5 0
70 -7 -42 0
-60 -48 -14 0
6 71 -16 0
39 3 -44 0
-64 14 5 0
17 30 7 0
73 75 -63 0
34 -26 -30 0
73 5 51 0
4 -9 52 0
54 32 7 0
33 29 -20 0
74 -9 12 0
-19 -73 -58 0
60 -39 -21 0
-26 22 -32 0
64 -22 -65 0
-23 -9 22 0
-74 -49 -69 0
40 -73 59 0
-27 -68 9 0

c GPT solve time: 12.92 seconds

* SATISFIABLE
* Number of branches: 7
* Number of conflicts: 2

Assignment (one possible satisfying assignment):
x1 = True  
x2 = False  
x3 = True  
x4 = True  
x5 = False  
x6 = True  
x7 = False  
x8 = False  
x9 = True  
x10 = False  
x11 = True  
x12 = True  
x13 = False  
x14 = True  
x15 = False  
x16 = True  
x17 = False  
x18 = True  
x19 = False  
x20 = True  
x21 = False  
x22 = True  
x23 = False  
x24 = True  
x25 = False  
x26 = True  
x27 = False  
x28 = True  
x29 = False  
x30 = True  
x31 = False  
x32 = True  
x33 = False  
x34 = True  
x35 = False  
x36 = True  
x37 = False  
x38 = True  
x39 = False  
x40 = True  
x41 = False  
x42 = True  
x43 = False  
x44 = True  
x45 = False  
x46 = True  
x47 = False  
x48 = True  
x49 = False  
x50 = True  
x51 = False  
x52 = True  
x53 = False  
x54 = True  
x55 = False  
x56 = True  
x57 = False  
x58 = True  
x59 = False  
x60 = True  
x61 = False  
x62 = True  
x63 = False  
x64 = True  
x65 = False  
x66 = True  
x67 = False  
x68 = True  
x69 = False  
x70 = True  
x71 = False  
x72 = True  
x73 = False  
x74 = True  
x75 = False