c Random 3-SAT
c alpha=4.0, N=75, L=300, instance=17
p cnf 75 300
7 -63 -3 0
-44 63 17 0
54 -53 58 0
72 39 -46 0
-25 -62 12 0
10 -47 -74 0
-71 -3 12 0
-52 -19 -5 0
-44 -30 6 0
67 -51 24 0
-6 -46 10 0
35 49 -43 0
59 21 -27 0
3 75 13 0
74 5 -59 0
-55 44 73 0
43 -52 -51 0
-28 70 24 0
-35 -14 45 0
-19 48 -50 0
-3 31 -14 0
29 -16 -34 0
-14 47 72 0
-70 10 3 0
44 70 -27 0
-18 10 62 0
-19 31 -62 0
63 -65 -25 0
75 -27 14 0
72 -58 -4 0
8 -51 35 0
58 37 -66 0
48 55 -63 0
-32 -71 7 0
48 -24 -17 0
8 21 -67 0
-30 71 18 0
-59 -62 -60 0
-5 40 30 0
55 69 54 0
26 32 28 0
47 -21 64 0
30 33 -3 0
45 -54 75 0
37 30 -26 0
-11 23 -25 0
18 36 -48 0
-46 -44 65 0
34 52 23 0
-43 -68 4 0
-30 21 25 0
-58 -69 39 0
-12 60 -58 0
-38 12 22 0
-70 57 61 0
60 65 61 0
-43 -75 35 0
-54 -3 33 0
-34 -6 20 0
73 69 -43 0
35 53 33 0
-65 -72 52 0
-52 17 50 0
-13 -31 47 0
-39 -2 66 0
14 18 38 0
-29 3 70 0
-39 -41 -12 0
39 71 36 0
-21 -61 -25 0
-51 -53 -61 0
-10 -12 -9 0
-37 25 -4 0
34 -44 43 0
37 58 -24 0
25 10 -57 0
-41 -16 -52 0
-67 72 12 0
-52 71 -73 0
-8 -37 49 0
-45 -1 -65 0
-73 -62 42 0
68 -3 36 0
51 -53 -69 0
26 -41 10 0
17 -20 41 0
74 2 -37 0
-37 -49 39 0
-56 -39 -62 0
-12 49 -20 0
69 -41 -36 0
-2 -19 -3 0
-75 -14 19 0
34 12 6 0
50 -35 48 0
44 36 -51 0
-45 -52 61 0
18 -65 26 0
37 50 10 0
36 48 -31 0
-36 -23 -46 0
25 68 1 0
-15 13 48 0
49 -37 71 0
-42 -55 -74 0
72 -18 62 0
54 -52 32 0
-61 50 63 0
-40 -21 -61 0
40 7 -51 0
-2 -69 -20 0
-19 -9 -47 0
-24 25 21 0
27 -55 -23 0
-25 56 29 0
-70 17 -19 0
4 7 -8 0
67 -52 -12 0
-6 69 -47 0
47 45 -29 0
57 17 7 0
67 -4 -35 0
24 -49 -38 0
-23 22 72 0
20 -61 -7 0
52 46 19 0
-58 -48 -27 0
6 -23 -28 0
31 26 9 0
27 -25 44 0
-55 -4 72 0
-52 22 12 0
-63 16 7 0
27 70 -56 0
-41 11 42 0
-70 -74 -51 0
-30 -32 36 0
29 -9 -21 0
-50 74 -64 0
-58 -18 56 0
41 34 -39 0
11 17 -40 0
70 65 4 0
61 -1 30 0
-45 -19 -72 0
5 60 59 0
60 39 42 0
41 -50 37 0
-30 -14 13 0
-42 63 -46 0
4 -48 -54 0
1 -10 28 0
18 30 -7 0
22 71 -66 0
14 -32 35 0
-41 24 51 0
59 -44 2 0
-70 -18 22 0
-62 7 -30 0
7 -26 -19 0
13 -73 43 0
73 -39 -42 0
-7 -66 -61 0
-26 -53 -4 0
-58 75 -53 0
42 -38 -28 0
-27 24 47 0
-7 -73 70 0
-16 -68 -75 0
-14 -2 45 0
-69 -6 17 0
-34 -17 27 0
-3 -7 17 0
-42 -21 -11 0
-13 -2 -41 0
27 -5 -49 0
74 -21 27 0
-27 -28 38 0
-15 -8 -70 0
14 -24 -42 0
64 4 71 0
-36 67 -32 0
-59 -39 13 0
69 -33 -9 0
45 -36 -20 0
27 -58 31 0
-22 -69 -45 0
-28 38 6 0
62 -36 18 0
-47 -33 72 0
55 -45 -47 0
30 10 -42 0
-61 4 -74 0
-71 -9 -24 0
2 -9 -50 0
34 20 -58 0
-63 -5 33 0
54 -70 -34 0
-63 26 68 0
-27 -18 11 0
2 6 13 0
-66 -35 57 0
-21 -60 -40 0
46 -56 -73 0
-32 52 28 0
-2 -62 34 0
32 -13 21 0
-60 -44 -25 0
-19 51 -3 0
36 -68 -44 0
-43 -42 65 0
-43 -40 -32 0
68 -2 57 0
-55 21 -40 0
63 31 -26 0
-53 25 67 0
6 -12 -37 0
38 -67 -27 0
-23 43 -71 0
-31 67 -11 0
64 -18 -15 0
-14 37 54 0
-48 -71 22 0
1 -37 -47 0
43 64 39 0
-39 41 20 0
-60 -8 -30 0
7 75 -49 0
-13 -10 -35 0
-43 -60 67 0
-62 -20 59 0
-29 -34 -58 0
62 32 4 0
-63 26 67 0
-47 -11 64 0
56 -29 54 0
13 -14 68 0
-27 -34 -51 0
-39 45 -53 0
70 18 -6 0
47 -3 -32 0
-53 -2 17 0
-39 -24 -4 0
1 36 -37 0
-20 41 -54 0
-58 12 -65 0
-4 -3 -1 0
69 18 61 0
12 -63 49 0
70 -60 -32 0
50 38 -42 0
46 17 -8 0
-17 -13 -6 0
-40 37 8 0
57 -60 -48 0
49 -20 25 0
-56 63 23 0
50 60 -47 0
60 -72 64 0
22 -40 -61 0
-10 9 40 0
57 -47 48 0
14 -3 10 0
75 62 69 0
-56 36 -3 0
35 -52 -20 0
34 67 2 0
42 -37 19 0
-13 71 -48 0
-60 -38 14 0
-63 30 74 0
73 -29 -30 0
22 27 54 0
27 41 66 0
45 -67 -48 0
5 -33 -8 0
1 36 41 0
9 -70 -12 0
-52 25 11 0
-1 -25 -61 0
59 -52 15 0
38 -50 -62 0
69 -29 -38 0
24 -73 56 0
-75 -71 -40 0
70 -54 -64 0
-4 24 -68 0
-52 3 56 0
42 -71 52 0
-63 -64 -12 0
57 45 -65 0
-50 -61 3 0
-36 62 56 0
22 -2 28 0
-38 32 42 0
-24 75 54 0
-49 -62 -19 0
-22 -41 8 0
-8 45 -14 0
6 72 -57 0

c GPT solve time: 22.00 seconds

* UNSATISFIABLE
* Number of branches: 0
* Number of conflicts: 0